N=40 social 地板（逐 seed 1..60）:
  s01-20 22.30 21.15 11.20 19.70 22.80 14.65 18.50 18.30 21.00 15.80 21.85 16.65 16.45 15.15 18.75 10.90 21.95 18.65 20.10 22.55
  s21-40 16.45 18.80 17.50 26.20 20.10 19.50 20.80 13.55 15.75 17.95 18.35 14.95 19.55 20.95 21.65 18.80 11.95 20.85 17.50 16.85
  s41-60 27.15 22.95 19.95 16.20 17.45 15.45 17.75 22.65 15.50 19.00 21.15 21.35 18.95 15.90 16.65 12.90 18.40 19.40 18.40 19.55
N=40 最长 social<36 锁段（逐 seed 1..60）:
  s01-20    98   107   177   117    95   153   125   127   108   145   102   139   140   150   140   180   100   124   115    97
  s21-40   141   123   133    70   115   119   109   160   146   130   127   151   121   108   103   123   173   109   133   134
  s41-60    64    94   116   143   133   148   131    96   147   122   133   105   122   145   139   176   149   119   127   117

N=48 social 地板（逐 seed 1..60）:
  s01-20 20.90 17.15 18.45 11.90 20.60 18.20 21.15 24.50 17.20 17.85 17.85 21.75 20.40 20.30 19.55 19.10 14.80 14.55 21.35 18.65
  s21-40 18.85 13.40 11.45 13.15 11.30 21.20 17.10 21.25 11.15 17.90 14.85 26.15 20.05 12.90 15.35 20.45 16.90 19.75 18.20 14.45
  s41-60 19.60 22.20 19.55 24.50 22.05 17.00 22.95 20.85 15.65 23.35 19.50 20.55 18.00 16.80 17.55 14.85 17.40 13.65 18.90 25.80
N=48 最长 social<36 锁段（逐 seed 1..60）:
  s01-20   104   135   127   165   110   128   107    78   135   131   131   105   146   111   118   118   152   154   105   124
  s21-40   123   162   176   164   175   106   168   106   177   130   152    70   115   166   148   115   137   117   129   155
  s41-60   122   100   127    82   101   136   107   119   146    91   145   111   130   138   133   152   179   161   123    71

N=60 social 地板（逐 seed 1..60）:
  s01-20 17.50 15.65 22.75 18.15 10.95 16.05 14.90 20.65 18.60 24.50 21.75 17.80 20.05 12.65 17.70 11.05 17.90 17.55 18.40 15.70
  s21-40 19.55 13.15 19.85 18.75 16.75 18.35 18.40 18.00 17.90 24.50 23.75 15.30 20.70 18.55 17.70 16.60 18.75 16.85 22.60 15.15
  s41-60 21.60 19.75 17.85 15.85 18.70 18.65 13.65 14.60 18.45 17.30 21.60 19.85 17.25 16.75 22.65 18.85 15.65 14.55 19.05 20.20
N=60 最长 social<36 锁段（逐 seed 1..60）:
  s01-20   132   146    95   129   180   150   150   110   125    82   147   131   115   167   132   179   130   133   127   146
  s21-40   117   164   116   124   138   127   196   130   130    82    87   148   117   145   132   139   124   137    96   150
  s41-60   104   117   131   166   124   124   161   153   127   134   104   116   135   138   103   135   146   149   122   114

