岗位       CR 信念持有者 逐 seed                          CR 被 gossip 转述 逐 seed          via 分布(合计)
面点师      11,10,10,11,8,11,10,11,7,11,10,11        0,2,0,0,0,0,0,0,0,0,5,14       {'seen': 113, 'gossip': 8}
咖啡师      10,6,11,10,9,10,10,9,10,10,7,10          0,0,0,0,0,0,0,0,0,0,0,0        {'seen': 112}
教书先生     9,10,10,8,11,6,8,11,8,6,9,8              1,2,0,0,10,0,0,29,0,4,1,0      {'seen': 89, 'gossip': 15}
环卫工      9,9,11,11,11,11,10,9,8,9,9,9             0,0,0,0,0,0,0,0,0,0,0,0        {'seen': 116}
泥瓦匠      全 0                                      全 0                            —
杂役       全 0                                      全 0                            —
木匠       全 0                                      全 0                            —
渔夫       全 0                                      全 0                            —
商贩       全 0                                      全 0                            —

全镇 produce 事件带目击者比例（by_type）:
  n         [99, 103, 106, 85, 98, 100, 108, 103, 90, 88, 106, 116]
  witnessed [46, 43, 55, 45, 44, 44, 44, 54, 34, 45, 39, 52]
  合计 545/1202 = 0.45
