A = analysis/z2/census_before_1_12.jsonl (出货基线)
B = analysis/z2/census_null_1_12.jsonl (零假设臂0.401)
seed: 1,2,3,4,5,6,7,8,9,10,11,12

digest 出货基线 3906210527 3974897474 1273095155 3014890111 3709304432 1966851711 1168097310 3979542693 3564990643 262927589 898264779 3727444716
digest 零假设臂0.401 3906210527 3193008231 508934064 2937747832 2779118098 1966851711 3952605106 2238301121 1221580865 1708082758 1929247531 314142136
逐位相同的 seed 数: 2 / 12

== 全镇社会状态（逐 seed）==
  #5 知道 R1 的人数(应≥2)               
      出货基线 [9, 8, 8, 9, 9, 8, 8, 8, 9, 8, 6, 6]
      零假设臂0.401 [9, 8, 8, 7, 9, 8, 10, 8, 9, 8, 8, 6]   <== 动了
  #16 前件: 存在坏名声                   
      出货基线 [True, True, True, True, True, True, True, True, True, True, True, True]
      零假设臂0.401 [True, True, True, True, True, True, True, True, True, True, True, True]
  #16 gossip_rep 事件数              
      出货基线 [624, 578, 343, 860, 525, 558, 430, 530, 619, 580, 366, 782]
      零假设臂0.401 [624, 524, 479, 605, 530, 558, 765, 504, 643, 590, 399, 642]   <== 动了
  #20 停传(变冷)条数(应>0)               
      出货基线 [202, 189, 215, 193, 170, 168, 196, 197, 176, 183, 201, 202]
      零假设臂0.401 [202, 194, 193, 195, 170, 168, 173, 181, 202, 194, 178, 197]   <== 动了
  #29 前件 aid_accepted (<8 则平凡通过)  
      出货基线 [9, 10, 0, 1, 9, 1, 3, 16, 7, 6, 1, 5]
      零假设臂0.401 [9, 12, 3, 12, 9, 1, 1, 22, 16, 8, 0, 4]   <== 动了
  standing>0 的有向对数                
      出货基线 [33, 20, 21, 14, 20, 26, 17, 24, 22, 22, 28, 24]
      零假设臂0.401 [33, 23, 21, 26, 20, 26, 22, 15, 27, 27, 24, 13]   <== 动了
  standing<0 的有向对数                
      出货基线 [45, 35, 32, 41, 48, 39, 51, 36, 33, 25, 43, 42]
      零假设臂0.401 [45, 32, 49, 36, 49, 39, 46, 32, 50, 44, 38, 41]   <== 动了
  最低 standing ×1000               
      出货基线 [-3000, -3000, -2000, -3000, -3000, -3000, -3000, -3000, -3000, -3000, -3000, -3000]
      零假设臂0.401 [-3000, -3000, -2500, -3000, -3000, -3000, -3000, -3000, -3000, -3000, -3000, -3000]   <== 动了
  最高 standing ×1000               
      出货基线 [3000, 3000, 3000, 3000, 3000, 3000, 3000, 3000, 3000, 3000, 3000, 3000]
      零假设臂0.401 [3000, 3000, 3000, 3000, 3000, 3000, 3000, 3000, 3000, 3000, 3000, 3000]
  L3 负判次数                         
      出货基线 [1422, 1270, 865, 1722, 1214, 1366, 1123, 1239, 1402, 1319, 955, 1633]
      零假设臂0.401 [1422, 1226, 1126, 1397, 1225, 1366, 1641, 1250, 1506, 1343, 874, 1368]   <== 动了
  confide                         
      出货基线 [8, 9, 8, 2, 8, 6, 9, 12, 7, 9, 7, 6]
      零假设臂0.401 [8, 8, 3, 8, 8, 6, 2, 9, 10, 8, 4, 3]   <== 动了
  betray                          
      出货基线 [0, 0, 0, 0, 0, 0, 0, 0, 0, 0, 0, 0]
      零假设臂0.401 [0, 0, 0, 0, 0, 0, 0, 0, 0, 0, 0, 0]
  endorse                         
      出货基线 [30, 16, 29, 21, 19, 25, 24, 34, 19, 13, 18, 19]
      零假设臂0.401 [30, 15, 21, 26, 19, 25, 21, 21, 15, 19, 18, 16]   <== 动了
  #19 因 ε 拒谈                      
      出货基线 [57, 56, 87, 49, 65, 53, 76, 51, 71, 77, 67, 46]
      零假设臂0.401 [57, 54, 84, 56, 65, 53, 56, 56, 57, 56, 67, 62]   <== 动了
  familiarity>0 的有向对              
      出货基线 [118, 110, 116, 108, 118, 116, 110, 112, 114, 102, 120, 112]
      零假设臂0.401 [118, 110, 114, 108, 118, 116, 106, 116, 106, 96, 116, 114]   <== 动了

== 逐岗位：produce / 被看见 / CR 信念 / 对他的 standing ==
-- 面点师 --
   produce 事件               出货基线 [6, 12, 11, 4, 9, 16, 9, 10, 4, 13, 8, 10]
                            零假设臂0.401 [6, 9, 9, 16, 9, 16, 9, 15, 7, 12, 5, 8]
   其中带目击者                   出货基线 [0, 0, 0, 0, 0, 0, 0, 0, 0, 0, 0, 0]
                            零假设臂0.401 [0, 0, 0, 0, 0, 0, 0, 0, 0, 0, 0, 0]
   目击人次                     出货基线 [0, 0, 0, 0, 0, 0, 0, 0, 0, 0, 0, 0]
                            零假设臂0.401 [0, 0, 0, 0, 0, 0, 0, 0, 0, 0, 0, 0]
   CR:<职位> 持有者              出货基线 [0, 0, 0, 0, 0, 0, 0, 0, 0, 0, 0, 0]
                            零假设臂0.401 [0, 0, 0, 0, 0, 0, 0, 0, 0, 0, 0, 0]
   对他 standing 非零人数         出货基线 [8, 5, 4, 7, 8, 2, 7, 11, 7, 9, 10, 6]
                            零假设臂0.401 [8, 8, 6, 5, 7, 2, 7, 7, 9, 9, 6, 5]
   对他 standing 总和×1000      出货基线 [1000, -4500, 2000, -3000, -11500, 1000, -2500, -500, -3000, -3500, -5000, -2000]
                            零假设臂0.401 [1000, -3500, -7000, 3000, -10500, 1000, -6000, 500, -6500, -10500, -5000, -5000]
   被指责事件                    出货基线 [14, 6, 19, 29, 14, 0, 6, 16, 19, 13, 12, 21]
                            零假设臂0.401 [14, 9, 4, 9, 14, 0, 3, 8, 15, 12, 17, 9]
   SH 信念持有者                 出货基线 [11, 10, 11, 11, 11, 0, 8, 11, 11, 11, 11, 11]
                            零假设臂0.401 [11, 11, 7, 9, 11, 0, 3, 10, 11, 11, 11, 11]
-- 渔夫 --
   produce 事件               出货基线 [10, 6, 4, 5, 10, 11, 10, 8, 9, 5, 8, 6]
                            零假设臂0.401 [10, 9, 8, 5, 10, 11, 10, 7, 11, 4, 9, 10]
   其中带目击者                   出货基线 [0, 0, 0, 0, 0, 0, 0, 0, 0, 0, 0, 0]
                            零假设臂0.401 [0, 0, 0, 0, 0, 0, 0, 0, 0, 0, 0, 0]
   目击人次                     出货基线 [0, 0, 0, 0, 0, 0, 0, 0, 0, 0, 0, 0]
                            零假设臂0.401 [0, 0, 0, 0, 0, 0, 0, 0, 0, 0, 0, 0]
   CR:<职位> 持有者              出货基线 [0, 0, 0, 0, 0, 0, 0, 0, 0, 0, 0, 0]
                            零假设臂0.401 [0, 0, 0, 0, 0, 0, 0, 0, 0, 0, 0, 0]
   对他 standing 非零人数         出货基线 [4, 7, 0, 6, 1, 3, 5, 5, 4, 0, 5, 4]
                            零假设臂0.401 [4, 6, 2, 1, 2, 3, 1, 0, 6, 3, 1, 3]
   对他 standing 总和×1000      出货基线 [-1000, -4000, 0, 0, -1000, 1000, -1000, -1000, -6000, 0, -5000, -3000]
                            零假设臂0.401 [-1000, -7000, -3000, 2000, -3000, 1000, 1000, 0, -8000, 1000, -1000, 0]
   被指责事件                    出货基线 [0, 0, 0, 0, 0, 0, 0, 0, 0, 0, 0, 0]
                            零假设臂0.401 [0, 0, 0, 0, 0, 0, 0, 0, 0, 0, 0, 0]
-- 杂役 --
   produce 事件               出货基线 [3, 5, 4, 3, 4, 2, 5, 8, 5, 2, 3, 6]
                            零假设臂0.401 [3, 4, 3, 7, 4, 2, 6, 9, 4, 4, 4, 3]
   其中带目击者                   出货基线 [0, 0, 0, 0, 0, 0, 0, 0, 0, 0, 0, 0]
                            零假设臂0.401 [0, 0, 0, 0, 0, 0, 0, 0, 0, 0, 0, 0]
   目击人次                     出货基线 [0, 0, 0, 0, 0, 0, 0, 0, 0, 0, 0, 0]
                            零假设臂0.401 [0, 0, 0, 0, 0, 0, 0, 0, 0, 0, 0, 0]
   CR:<职位> 持有者              出货基线 [0, 0, 0, 0, 0, 0, 0, 0, 0, 0, 0, 0]
                            零假设臂0.401 [0, 0, 0, 0, 0, 0, 0, 0, 0, 0, 0, 0]
   对他 standing 非零人数         出货基线 [9, 7, 9, 3, 9, 7, 7, 3, 7, 6, 9, 7]
                            零假设臂0.401 [9, 7, 8, 9, 8, 7, 7, 2, 8, 8, 7, 5]
   对他 standing 总和×1000      出货基线 [-3500, -1000, -3000, -2000, 500, -4500, -5500, 2000, 6500, 1000, -6000, -6000]
                            零假设臂0.401 [-3500, 500, -5000, -1000, -500, -4500, -4500, 0, 0, 0, -3500, 1000]
   被指责事件                    出货基线 [45, 13, 13, 11, 11, 20, 15, 3, 21, 26, 19, 11]
                            零假设臂0.401 [45, 15, 16, 10, 11, 20, 16, 2, 12, 17, 8, 10]
   SH 信念持有者                 出货基线 [11, 10, 11, 7, 9, 9, 9, 3, 10, 11, 10, 9]
                            零假设臂0.401 [11, 11, 9, 9, 9, 9, 10, 3, 10, 9, 7, 8]
-- 木匠 --
   produce 事件               出货基线 [6, 11, 11, 11, 9, 10, 11, 11, 7, 10, 12, 10]
                            零假设臂0.401 [6, 8, 13, 8, 9, 10, 8, 14, 14, 8, 13, 12]
   其中带目击者                   出货基线 [0, 0, 0, 0, 0, 0, 0, 0, 0, 0, 0, 0]
                            零假设臂0.401 [0, 0, 0, 0, 0, 0, 0, 0, 0, 0, 0, 0]
   目击人次                     出货基线 [0, 0, 0, 0, 0, 0, 0, 0, 0, 0, 0, 0]
                            零假设臂0.401 [0, 0, 0, 0, 0, 0, 0, 0, 0, 0, 0, 0]
   CR:<职位> 持有者              出货基线 [0, 0, 0, 0, 0, 0, 0, 0, 0, 0, 0, 0]
                            零假设臂0.401 [0, 0, 0, 0, 0, 0, 0, 0, 0, 0, 0, 0]
   对他 standing 非零人数         出货基线 [7, 1, 2, 4, 5, 8, 2, 7, 6, 3, 1, 4]
                            零假设臂0.401 [7, 2, 6, 5, 5, 8, 7, 5, 7, 4, 3, 1]
   对他 standing 总和×1000      出货基线 [-2000, -2000, 2000, -3000, -4000, -7000, 4000, -9000, -6000, 0, -1000, -7000]
                            零假设臂0.401 [-2000, 3000, -5000, -5000, -4000, -7000, -7000, 1000, -6000, 0, -3000, -2000]
   被指责事件                    出货基线 [0, 0, 0, 0, 0, 0, 0, 0, 0, 0, 0, 0]
                            零假设臂0.401 [0, 0, 0, 0, 0, 0, 0, 0, 0, 0, 0, 0]
-- 咖啡师 --
   produce 事件               出货基线 [8, 9, 6, 7, 6, 8, 9, 4, 6, 10, 4, 10]
                            零假设臂0.401 [8, 8, 7, 6, 6, 8, 7, 7, 8, 8, 3, 5]
   其中带目击者                   出货基线 [0, 0, 0, 0, 0, 0, 0, 0, 0, 0, 0, 0]
                            零假设臂0.401 [0, 0, 0, 0, 0, 0, 0, 0, 0, 0, 0, 0]
   目击人次                     出货基线 [0, 0, 0, 0, 0, 0, 0, 0, 0, 0, 0, 0]
                            零假设臂0.401 [0, 0, 0, 0, 0, 0, 0, 0, 0, 0, 0, 0]
   CR:<职位> 持有者              出货基线 [0, 0, 0, 0, 0, 0, 0, 0, 0, 0, 0, 0]
                            零假设臂0.401 [0, 0, 0, 0, 0, 0, 0, 0, 0, 0, 0, 0]
   对他 standing 非零人数         出货基线 [3, 1, 3, 2, 1, 0, 7, 5, 2, 0, 0, 5]
                            零假设臂0.401 [3, 4, 4, 6, 1, 0, 3, 1, 5, 7, 1, 1]
   对他 standing 总和×1000      出货基线 [4000, -2000, -2000, -2500, -500, 0, -7000, 4000, 1500, 0, 0, -5500]
                            零假设臂0.401 [4000, 0, -500, -500, -500, 0, -1500, -1000, 1500, -1000, 500, 500]
   被指责事件                    出货基线 [0, 0, 1, 19, 1, 0, 0, 4, 14, 0, 0, 1]
                            零假设臂0.401 [0, 0, 1, 9, 1, 0, 3, 4, 9, 0, 4, 1]
   SH 信念持有者                 出货基线 [0, 0, 1, 3, 1, 0, 0, 3, 3, 0, 0, 1]
                            零假设臂0.401 [0, 0, 1, 3, 1, 0, 3, 3, 3, 0, 2, 1]
-- 教书先生 --
   produce 事件               出货基线 [14, 13, 15, 12, 11, 7, 10, 11, 11, 12, 13, 16]
                            零假设臂0.401 [14, 14, 15, 11, 11, 7, 12, 10, 15, 9, 13, 14]
   其中带目击者                   出货基线 [0, 0, 0, 0, 0, 0, 0, 0, 0, 0, 0, 0]
                            零假设臂0.401 [0, 0, 0, 0, 0, 0, 0, 0, 0, 0, 0, 0]
   目击人次                     出货基线 [0, 0, 0, 0, 0, 0, 0, 0, 0, 0, 0, 0]
                            零假设臂0.401 [0, 0, 0, 0, 0, 0, 0, 0, 0, 0, 0, 0]
   CR:<职位> 持有者              出货基线 [0, 0, 0, 0, 0, 0, 0, 0, 0, 0, 0, 0]
                            零假设臂0.401 [0, 0, 0, 0, 0, 0, 0, 0, 0, 0, 0, 0]
   对他 standing 非零人数         出货基线 [5, 9, 8, 6, 6, 7, 7, 5, 3, 1, 4, 6]
                            零假设臂0.401 [5, 4, 7, 1, 6, 7, 7, 6, 5, 6, 7, 6]
   对他 standing 总和×1000      出货基线 [3000, -7500, -1000, -8000, 2000, 2000, -1000, -1500, -1000, 3000, 0, -8000]
                            零假设臂0.401 [3000, 4500, 500, -2000, 2000, 2000, -3500, -4000, 2000, -4500, -3500, 0]
   被指责事件                    出货基线 [0, 3, 1, 0, 0, 5, 9, 1, 0, 1, 0, 0]
                            零假设臂0.401 [0, 3, 1, 2, 0, 5, 3, 0, 0, 1, 6, 0]
   SH 信念持有者                 出货基线 [0, 5, 4, 0, 0, 6, 7, 1, 0, 1, 0, 0]
                            零假设臂0.401 [0, 5, 4, 4, 0, 6, 4, 0, 0, 1, 6, 0]
-- 环卫工 --
   produce 事件               出货基线 [23, 31, 22, 28, 27, 19, 24, 19, 22, 23, 25, 31]
                            零假设臂0.401 [23, 24, 21, 21, 27, 19, 28, 19, 20, 21, 29, 27]
   其中带目击者                   出货基线 [17, 27, 19, 24, 25, 13, 19, 14, 16, 18, 17, 28]
                            零假设臂0.401 [17, 23, 19, 16, 25, 13, 25, 15, 14, 14, 24, 22]
   目击人次                     出货基线 [45, 66, 42, 53, 38, 35, 43, 25, 37, 30, 33, 71]
                            零假设臂0.401 [45, 53, 39, 36, 38, 35, 66, 38, 27, 28, 54, 56]
   CR:<职位> 持有者              出货基线 [10, 9, 10, 11, 9, 9, 9, 8, 9, 10, 10, 9]
                            零假设臂0.401 [10, 8, 11, 8, 9, 9, 10, 8, 9, 9, 11, 9]
   CR 被转述                   出货基线 [0, 0, 0, 0, 0, 0, 0, 0, 0, 0, 3, 0]
                            零假设臂0.401 [0, 0, 0, 0, 0, 0, 0, 0, 0, 0, 0, 0]
   对他 standing 非零人数         出货基线 [10, 9, 9, 9, 8, 9, 4, 8, 9, 7, 7, 6]
                            零假设臂0.401 [10, 7, 9, 9, 8, 9, 8, 7, 10, 8, 11, 9]
   对他 standing 总和×1000      出货基线 [-9250, 3500, -1000, -3500, -5250, -500, 1250, 0, -1000, -500, -3000, 3500]
                            零假设臂0.401 [-9250, 1250, 2000, -7000, -5250, -500, 2750, 500, 3000, 250, 750, -8000]
   被指责事件                    出货基线 [0, 0, 6, 0, 1, 7, 2, 4, 5, 0, 0, 0]
                            零假设臂0.401 [0, 0, 0, 4, 1, 7, 0, 7, 5, 2, 0, 2]
   SH 信念持有者                 出货基线 [0, 0, 8, 0, 1, 7, 7, 3, 4, 0, 0, 0]
                            零假设臂0.401 [0, 0, 0, 2, 1, 7, 0, 3, 5, 5, 0, 2]
-- 泥瓦匠 --
   produce 事件               出货基线 [19, 27, 24, 24, 29, 22, 26, 26, 27, 23, 22, 33]
                            零假设臂0.401 [19, 24, 25, 30, 29, 22, 21, 29, 26, 24, 21, 30]
   其中带目击者                   出货基线 [0, 0, 0, 0, 0, 0, 0, 0, 0, 0, 0, 0]
                            零假设臂0.401 [0, 0, 0, 0, 0, 0, 0, 0, 0, 0, 0, 0]
   目击人次                     出货基线 [0, 0, 0, 0, 0, 0, 0, 0, 0, 0, 0, 0]
                            零假设臂0.401 [0, 0, 0, 0, 0, 0, 0, 0, 0, 0, 0, 0]
   CR:<职位> 持有者              出货基线 [0, 0, 0, 0, 0, 0, 0, 0, 0, 0, 0, 0]
                            零假设臂0.401 [0, 0, 0, 0, 0, 0, 0, 0, 0, 0, 0, 0]
   对他 standing 非零人数         出货基线 [11, 0, 8, 8, 6, 9, 5, 4, 7, 9, 10, 8]
                            零假设臂0.401 [11, 4, 9, 3, 8, 9, 10, 2, 7, 10, 8, 7]
   对他 standing 总和×1000      出货基线 [-3250, 0, -3900, -9100, -6000, -7500, -7400, 3000, -1150, 5900, 1400, -3050]
                            零假设臂0.401 [-3250, -4000, -1350, 1000, -9000, -7500, -3700, -2350, -5150, -950, -500, -4700]
   被指责事件                    出货基线 [19, 0, 13, 9, 1, 7, 6, 1, 6, 16, 7, 1]
                            零假设臂0.401 [19, 0, 13, 0, 1, 7, 14, 1, 14, 12, 10, 1]
   SH 信念持有者                 出货基线 [10, 0, 8, 10, 2, 11, 7, 1, 7, 11, 10, 3]
                            零假设臂0.401 [10, 0, 9, 0, 2, 11, 10, 1, 9, 11, 8, 3]
-- 商贩 --
   produce 事件               出货基线 [0, 0, 0, 0, 0, 0, 0, 0, 0, 0, 0, 0]
                            零假设臂0.401 [0, 0, 0, 0, 0, 0, 0, 0, 0, 0, 0, 0]
   其中带目击者                   出货基线 [0, 0, 0, 0, 0, 0, 0, 0, 0, 0, 0, 0]
                            零假设臂0.401 [0, 0, 0, 0, 0, 0, 0, 0, 0, 0, 0, 0]
   目击人次                     出货基线 [0, 0, 0, 0, 0, 0, 0, 0, 0, 0, 0, 0]
                            零假设臂0.401 [0, 0, 0, 0, 0, 0, 0, 0, 0, 0, 0, 0]
   CR:<职位> 持有者              出货基线 [0, 0, 0, 0, 0, 0, 0, 0, 0, 0, 0, 0]
                            零假设臂0.401 [0, 0, 0, 0, 0, 0, 0, 0, 0, 0, 0, 0]
   对他 standing 非零人数         出货基线 [3, 2, 3, 3, 3, 3, 3, 3, 2, 6, 6, 7]
                            零假设臂0.401 [3, 5, 6, 5, 3, 3, 5, 4, 5, 4, 3, 8]
   对他 standing 总和×1000      出货基线 [7000, 5000, 2000, -2000, 0, -1000, 3000, 3000, 4000, -2000, -5000, 4000]
                            零假设臂0.401 [7000, 2000, -1000, -5000, 0, -1000, -2000, -6000, 1000, 0, 1000, -8000]
   被指责事件                    出货基线 [0, 0, 0, 0, 0, 0, 0, 0, 0, 0, 0, 0]
                            零假设臂0.401 [0, 0, 0, 0, 0, 0, 0, 0, 0, 0, 0, 0]

== 【零假设/对照臂】每个岗位 bys>0 的逐 seed 抖动 |ΔA→B| ==
岗位       A: bys>0                                 B: bys>0                                 |Δ| 逐 seed / max
面点师      6,11,10,4,9,16,9,10,4,13,8,9             6,8,9,15,9,16,6,15,6,12,5,8              0,3,1,11,0,0,3,5,2,1,3,1 / max=11
杂役       2,2,4,2,4,2,1,7,4,2,2,4                  2,2,2,6,4,2,3,4,1,3,2,2                  0,0,2,4,0,0,2,3,3,1,0,2 / max=4
木匠       3,2,2,7,5,4,5,8,4,7,9,3                  3,0,5,7,5,4,3,9,6,5,6,5                  0,2,3,0,0,0,2,1,2,2,3,2 / max=3
咖啡师      8,9,6,7,5,8,9,4,6,9,4,10                 8,8,7,6,5,8,7,7,7,8,3,5                  0,1,1,1,0,0,2,3,1,1,1,5 / max=5
教书先生     9,12,13,9,8,3,8,7,8,9,9,14               9,12,13,9,8,3,10,7,12,5,7,11             0,0,0,0,0,0,2,0,4,4,2,3 / max=4
环卫工      17,27,19,24,25,13,19,14,16,18,17,28      17,23,19,16,25,13,25,15,14,14,24,22      0,4,0,8,0,0,6,1,2,4,7,6 / max=8
泥瓦匠      4,8,5,4,9,7,13,10,7,4,11,12              4,9,10,4,9,7,5,11,9,3,8,9                0,1,5,0,0,0,8,1,2,1,3,3 / max=8
