A = analysis/z2/census_before_1_12.jsonl (改前)
B = analysis/z2/census_after_1_12.jsonl (改后)
seed: 1,2,3,4,5,6,7,8,9,10,11,12

digest 改前   3906210527 3974897474 1273095155 3014890111 3709304432 1966851711 1168097310 3979542693 3564990643 262927589 898264779 3727444716
digest 改后   3480519386 3917739032 2996591874 432712946 1944181176 1650616061 2131126506 1742410486 2120349616 3407576096 211456419 29724740
逐位相同的 seed 数: 0 / 12

== 全镇社会状态（逐 seed）==
  #5 知道 R1 的人数(应≥2)               
      改前   [9, 8, 8, 9, 9, 8, 8, 8, 9, 8, 6, 6]
      改后   [9, 8, 8, 9, 9, 7, 9, 9, 9, 8, 6, 6]   <== 动了
  #16 前件: 存在坏名声                   
      改前   [True, True, True, True, True, True, True, True, True, True, True, True]
      改后   [True, True, True, True, True, True, True, True, True, True, True, True]
  #16 gossip_rep 事件数              
      改前   [624, 578, 343, 860, 525, 558, 430, 530, 619, 580, 366, 782]
      改后   [451, 380, 464, 791, 564, 688, 352, 617, 563, 523, 169, 657]   <== 动了
  #20 停传(变冷)条数(应>0)               
      改前   [202, 189, 215, 193, 170, 168, 196, 197, 176, 183, 201, 202]
      改后   [234, 225, 227, 232, 195, 213, 219, 234, 199, 207, 214, 232]   <== 动了
  #29 前件 aid_accepted (<8 则平凡通过)  
      改前   [9, 10, 0, 1, 9, 1, 3, 16, 7, 6, 1, 5]
      改后   [14, 7, 4, 4, 10, 8, 8, 1, 10, 11, 5, 2]   <== 动了
  standing>0 的有向对数                
      改前   [33, 20, 21, 14, 20, 26, 17, 24, 22, 22, 28, 24]
      改后   [32, 30, 32, 19, 26, 32, 30, 32, 25, 24, 25, 22]   <== 动了
  standing<0 的有向对数                
      改前   [45, 35, 32, 41, 48, 39, 51, 36, 33, 25, 43, 42]
      改后   [32, 32, 35, 54, 35, 42, 27, 56, 25, 35, 29, 43]   <== 动了
  最低 standing ×1000               
      改前   [-3000, -3000, -2000, -3000, -3000, -3000, -3000, -3000, -3000, -3000, -3000, -3000]
      改后   [-3000, -3000, -2000, -3000, -2500, -3000, -3000, -3000, -3000, -2500, -3000, -3000]   <== 动了
  最高 standing ×1000               
      改前   [3000, 3000, 3000, 3000, 3000, 3000, 3000, 3000, 3000, 3000, 3000, 3000]
      改后   [3000, 3000, 3000, 3000, 3000, 3000, 3000, 3000, 3000, 3000, 3000, 2500]   <== 动了
  L3 负判次数                         
      改前   [1422, 1270, 865, 1722, 1214, 1366, 1123, 1239, 1402, 1319, 955, 1633]
      改后   [1091, 961, 1075, 1709, 1226, 1410, 883, 1450, 1310, 1258, 545, 1433]   <== 动了
  confide                         
      改前   [8, 9, 8, 2, 8, 6, 9, 12, 7, 9, 7, 6]
      改后   [9, 6, 7, 4, 8, 6, 7, 4, 7, 11, 8, 3]   <== 动了
  betray                          
      改前   [0, 0, 0, 0, 0, 0, 0, 0, 0, 0, 0, 0]
      改后   [0, 0, 0, 0, 0, 0, 0, 0, 0, 1, 0, 0]   <== 动了
  endorse                         
      改前   [30, 16, 29, 21, 19, 25, 24, 34, 19, 13, 18, 19]
      改后   [14, 7, 22, 17, 23, 27, 13, 12, 23, 10, 4, 20]   <== 动了
  #19 因 ε 拒谈                      
      改前   [57, 56, 87, 49, 65, 53, 76, 51, 71, 77, 67, 46]
      改后   [82, 65, 70, 56, 52, 41, 76, 78, 85, 66, 74, 65]   <== 动了
  familiarity>0 的有向对              
      改前   [118, 110, 116, 108, 118, 116, 110, 112, 114, 102, 120, 112]
      改后   [112, 110, 114, 114, 114, 110, 116, 112, 110, 100, 114, 114]   <== 动了

== 逐岗位：produce / 被看见 / CR 信念 / 对他的 standing ==
-- 面点师 --
   produce 事件               改前   [6, 12, 11, 4, 9, 16, 9, 10, 4, 13, 8, 10]
                            改后   [11, 12, 10, 8, 3, 11, 9, 15, 4, 11, 6, 7]
   其中带目击者                   改前   [0, 0, 0, 0, 0, 0, 0, 0, 0, 0, 0, 0]
                            改后   [10, 11, 10, 7, 3, 11, 9, 15, 4, 11, 5, 7]
   目击人次                     改前   [0, 0, 0, 0, 0, 0, 0, 0, 0, 0, 0, 0]
                            改后   [24, 36, 24, 28, 14, 43, 28, 48, 11, 34, 13, 17]
   CR:<职位> 持有者              改前   [0, 0, 0, 0, 0, 0, 0, 0, 0, 0, 0, 0]
                            改后   [11, 10, 10, 11, 8, 11, 10, 11, 7, 11, 10, 11]
   CR 被转述                   改前   [0, 0, 0, 0, 0, 0, 0, 0, 0, 0, 0, 0]
                            改后   [0, 2, 0, 0, 0, 0, 0, 0, 0, 0, 5, 14]
   对他 standing 非零人数         改前   [8, 5, 4, 7, 8, 2, 7, 11, 7, 9, 10, 6]
                            改后   [6, 9, 7, 7, 6, 9, 8, 7, 5, 6, 6, 7]
   对他 standing 总和×1000      改前   [1000, -4500, 2000, -3000, -11500, 1000, -2500, -500, -3000, -3500, -5000, -2000]
                            改后   [-500, -5000, 3500, -2000, -1500, 3500, 4500, -5500, -1000, -4000, 500, -4000]
   被指责事件                    改前   [14, 6, 19, 29, 14, 0, 6, 16, 19, 13, 12, 21]
                            改后   [5, 10, 21, 9, 26, 15, 15, 20, 23, 22, 11, 20]
   SH 信念持有者                 改前   [11, 10, 11, 11, 11, 0, 8, 11, 11, 11, 11, 11]
                            改后   [8, 11, 11, 11, 11, 11, 11, 10, 11, 11, 9, 11]
-- 渔夫 --
   produce 事件               改前   [10, 6, 4, 5, 10, 11, 10, 8, 9, 5, 8, 6]
                            改后   [7, 5, 5, 8, 5, 6, 9, 2, 9, 2, 10, 10]
   其中带目击者                   改前   [0, 0, 0, 0, 0, 0, 0, 0, 0, 0, 0, 0]
                            改后   [0, 0, 0, 0, 0, 0, 0, 0, 0, 0, 0, 0]
   目击人次                     改前   [0, 0, 0, 0, 0, 0, 0, 0, 0, 0, 0, 0]
                            改后   [0, 0, 0, 0, 0, 0, 0, 0, 0, 0, 0, 0]
   CR:<职位> 持有者              改前   [0, 0, 0, 0, 0, 0, 0, 0, 0, 0, 0, 0]
                            改后   [0, 0, 0, 0, 0, 0, 0, 0, 0, 0, 0, 0]
   对他 standing 非零人数         改前   [4, 7, 0, 6, 1, 3, 5, 5, 4, 0, 5, 4]
                            改后   [6, 1, 3, 3, 6, 4, 3, 9, 2, 0, 1, 2]
   对他 standing 总和×1000      改前   [-1000, -4000, 0, 0, -1000, 1000, -1000, -1000, -6000, 0, -5000, -3000]
                            改后   [-6000, 3000, 4000, 1000, -5000, 0, 2000, -9000, 0, 0, 2000, 2000]
   被指责事件                    改前   [0, 0, 0, 0, 0, 0, 0, 0, 0, 0, 0, 0]
                            改后   [0, 0, 0, 0, 0, 0, 0, 0, 0, 0, 0, 0]
-- 杂役 --
   produce 事件               改前   [3, 5, 4, 3, 4, 2, 5, 8, 5, 2, 3, 6]
                            改后   [6, 6, 8, 3, 6, 5, 7, 6, 3, 4, 9, 1]
   其中带目击者                   改前   [0, 0, 0, 0, 0, 0, 0, 0, 0, 0, 0, 0]
                            改后   [0, 0, 0, 0, 0, 0, 0, 0, 0, 0, 0, 0]
   目击人次                     改前   [0, 0, 0, 0, 0, 0, 0, 0, 0, 0, 0, 0]
                            改后   [0, 0, 0, 0, 0, 0, 0, 0, 0, 0, 0, 0]
   CR:<职位> 持有者              改前   [0, 0, 0, 0, 0, 0, 0, 0, 0, 0, 0, 0]
                            改后   [0, 0, 0, 0, 0, 0, 0, 0, 0, 0, 0, 0]
   对他 standing 非零人数         改前   [9, 7, 9, 3, 9, 7, 7, 3, 7, 6, 9, 7]
                            改后   [8, 7, 8, 8, 8, 5, 10, 10, 7, 8, 5, 7]
   对他 standing 总和×1000      改前   [-3500, -1000, -3000, -2000, 500, -4500, -5500, 2000, 6500, 1000, -6000, -6000]
                            改后   [4500, 2000, -2500, -6500, -1000, -2000, -1500, -6000, -11500, -3500, -2000, -3000]
   被指责事件                    改前   [45, 13, 13, 11, 11, 20, 15, 3, 21, 26, 19, 11]
                            改后   [20, 20, 15, 38, 14, 20, 13, 15, 20, 21, 13, 11]
   SH 信念持有者                 改前   [11, 10, 11, 7, 9, 9, 9, 3, 10, 11, 10, 9]
                            改后   [9, 11, 10, 10, 10, 11, 10, 11, 10, 11, 6, 9]
-- 木匠 --
   produce 事件               改前   [6, 11, 11, 11, 9, 10, 11, 11, 7, 10, 12, 10]
                            改后   [8, 7, 11, 6, 8, 9, 9, 8, 8, 7, 11, 13]
   其中带目击者                   改前   [0, 0, 0, 0, 0, 0, 0, 0, 0, 0, 0, 0]
                            改后   [0, 0, 0, 0, 0, 0, 0, 0, 0, 0, 0, 0]
   目击人次                     改前   [0, 0, 0, 0, 0, 0, 0, 0, 0, 0, 0, 0]
                            改后   [0, 0, 0, 0, 0, 0, 0, 0, 0, 0, 0, 0]
   CR:<职位> 持有者              改前   [0, 0, 0, 0, 0, 0, 0, 0, 0, 0, 0, 0]
                            改后   [0, 0, 0, 0, 0, 0, 0, 0, 0, 0, 0, 0]
   对他 standing 非零人数         改前   [7, 1, 2, 4, 5, 8, 2, 7, 6, 3, 1, 4]
                            改后   [3, 2, 2, 5, 8, 4, 1, 7, 3, 4, 2, 6]
   对他 standing 总和×1000      改前   [-2000, -2000, 2000, -3000, -4000, -7000, 4000, -9000, -6000, 0, -1000, -7000]
                            改后   [-2000, -2000, 1000, -11000, 2000, -6000, -1000, -3000, 1000, -2000, 1000, -4000]
   被指责事件                    改前   [0, 0, 0, 0, 0, 0, 0, 0, 0, 0, 0, 0]
                            改后   [0, 0, 0, 0, 0, 0, 0, 0, 0, 0, 0, 0]
-- 咖啡师 --
   produce 事件               改前   [8, 9, 6, 7, 6, 8, 9, 4, 6, 10, 4, 10]
                            改后   [7, 4, 9, 6, 8, 7, 9, 4, 10, 6, 3, 6]
   其中带目击者                   改前   [0, 0, 0, 0, 0, 0, 0, 0, 0, 0, 0, 0]
                            改后   [7, 3, 9, 6, 7, 7, 8, 4, 10, 6, 3, 6]
   目击人次                     改前   [0, 0, 0, 0, 0, 0, 0, 0, 0, 0, 0, 0]
                            改后   [20, 9, 30, 22, 15, 26, 17, 12, 25, 17, 7, 21]
   CR:<职位> 持有者              改前   [0, 0, 0, 0, 0, 0, 0, 0, 0, 0, 0, 0]
                            改后   [10, 6, 11, 10, 9, 10, 10, 9, 10, 10, 7, 10]
   对他 standing 非零人数         改前   [3, 1, 3, 2, 1, 0, 7, 5, 2, 0, 0, 5]
                            改后   [8, 4, 6, 4, 6, 8, 7, 7, 6, 7, 6, 5]
   对他 standing 总和×1000      改前   [4000, -2000, -2000, -2500, -500, 0, -7000, 4000, 1500, 0, 0, -5500]
                            改后   [1000, -1000, -1000, 0, -3500, 3500, -500, -1000, 2500, 2000, -2000, -1500]
   被指责事件                    改前   [0, 0, 1, 19, 1, 0, 0, 4, 14, 0, 0, 1]
                            改后   [0, 0, 0, 12, 1, 1, 0, 16, 14, 0, 15, 1]
   SH 信念持有者                 改前   [0, 0, 1, 3, 1, 0, 0, 3, 3, 0, 0, 1]
                            改后   [0, 0, 0, 2, 1, 1, 0, 3, 3, 0, 3, 1]
-- 教书先生 --
   produce 事件               改前   [14, 13, 15, 12, 11, 7, 10, 11, 11, 12, 13, 16]
                            改后   [14, 15, 12, 12, 11, 9, 12, 10, 11, 13, 13, 18]
   其中带目击者                   改前   [0, 0, 0, 0, 0, 0, 0, 0, 0, 0, 0, 0]
                            改后   [10, 10, 10, 9, 9, 5, 10, 9, 7, 8, 8, 14]
   目击人次                     改前   [0, 0, 0, 0, 0, 0, 0, 0, 0, 0, 0, 0]
                            改后   [18, 21, 18, 19, 17, 8, 13, 21, 14, 12, 14, 26]
   CR:<职位> 持有者              改前   [0, 0, 0, 0, 0, 0, 0, 0, 0, 0, 0, 0]
                            改后   [9, 10, 10, 8, 11, 6, 8, 11, 8, 6, 9, 8]
   CR 被转述                   改前   [0, 0, 0, 0, 0, 0, 0, 0, 0, 0, 0, 0]
                            改后   [1, 2, 0, 0, 10, 0, 0, 29, 0, 4, 1, 0]
   对他 standing 非零人数         改前   [5, 9, 8, 6, 6, 7, 7, 5, 3, 1, 4, 6]
                            改后   [5, 9, 8, 6, 8, 7, 5, 9, 2, 4, 9, 8]
   对他 standing 总和×1000      改前   [3000, -7500, -1000, -8000, 2000, 2000, -1000, -1500, -1000, 3000, 0, -8000]
                            改后   [3000, 8500, 3000, 1000, 1000, 1500, 4000, 0, 1000, 2000, 2000, 1000]
   被指责事件                    改前   [0, 3, 1, 0, 0, 5, 9, 1, 0, 1, 0, 0]
                            改后   [0, 3, 4, 0, 0, 4, 4, 14, 0, 1, 7, 0]
   SH 信念持有者                 改前   [0, 5, 4, 0, 0, 6, 7, 1, 0, 1, 0, 0]
                            改后   [0, 4, 6, 0, 0, 5, 5, 7, 0, 1, 7, 0]
-- 环卫工 --
   produce 事件               改前   [23, 31, 22, 28, 27, 19, 24, 19, 22, 23, 25, 31]
                            改后   [24, 24, 29, 27, 29, 28, 21, 31, 21, 24, 26, 28]
   其中带目击者                   改前   [17, 27, 19, 24, 25, 13, 19, 14, 16, 18, 17, 28]
                            改后   [19, 19, 26, 23, 25, 21, 17, 26, 13, 20, 23, 25]
   目击人次                     改前   [45, 66, 42, 53, 38, 35, 43, 25, 37, 30, 33, 71]
                            改后   [47, 40, 59, 54, 52, 48, 27, 64, 27, 46, 41, 46]
   CR:<职位> 持有者              改前   [10, 9, 10, 11, 9, 9, 9, 8, 9, 10, 10, 9]
                            改后   [9, 9, 11, 11, 11, 11, 10, 9, 8, 9, 9, 9]
   CR 被转述                   改前   [0, 0, 0, 0, 0, 0, 0, 0, 0, 0, 3, 0]
                            改后   [0, 0, 0, 0, 0, 0, 0, 0, 0, 0, 0, 0]
   对他 standing 非零人数         改前   [10, 9, 9, 9, 8, 9, 4, 8, 9, 7, 7, 6]
                            改后   [9, 10, 8, 9, 8, 9, 8, 10, 6, 11, 8, 9]
   对他 standing 总和×1000      改前   [-9250, 3500, -1000, -3500, -5250, -500, 1250, 0, -1000, -500, -3000, 3500]
                            改后   [-250, 500, -500, -2250, -1000, 3500, 1750, -3750, 1750, -3250, -3500, 750]
   被指责事件                    改前   [0, 0, 6, 0, 1, 7, 2, 4, 5, 0, 0, 0]
                            改后   [1, 1, 0, 0, 1, 0, 4, 0, 8, 0, 0, 0]
   SH 信念持有者                 改前   [0, 0, 8, 0, 1, 7, 7, 3, 4, 0, 0, 0]
                            改后   [1, 2, 0, 0, 1, 0, 7, 0, 5, 0, 0, 0]
-- 泥瓦匠 --
   produce 事件               改前   [19, 27, 24, 24, 29, 22, 26, 26, 27, 23, 22, 33]
                            改后   [22, 30, 22, 15, 28, 25, 32, 27, 24, 21, 28, 33]
   其中带目击者                   改前   [0, 0, 0, 0, 0, 0, 0, 0, 0, 0, 0, 0]
                            改后   [0, 0, 0, 0, 0, 0, 0, 0, 0, 0, 0, 0]
   目击人次                     改前   [0, 0, 0, 0, 0, 0, 0, 0, 0, 0, 0, 0]
                            改后   [0, 0, 0, 0, 0, 0, 0, 0, 0, 0, 0, 0]
   CR:<职位> 持有者              改前   [0, 0, 0, 0, 0, 0, 0, 0, 0, 0, 0, 0]
                            改后   [0, 0, 0, 0, 0, 0, 0, 0, 0, 0, 0, 0]
   对他 standing 非零人数         改前   [11, 0, 8, 8, 6, 9, 5, 4, 7, 9, 10, 8]
                            改后   [9, 6, 8, 7, 3, 6, 7, 6, 7, 6, 7, 1]
   对他 standing 总和×1000      改前   [-3250, 0, -3900, -9100, -6000, -7500, -7400, 3000, -1150, 5900, 1400, -3050]
                            改后   [-900, -450, -1100, -4050, 2650, -2100, -850, 900, -450, 250, 4200, 650]
   被指责事件                    改前   [19, 0, 13, 9, 1, 7, 6, 1, 6, 16, 7, 1]
                            改后   [9, 4, 18, 24, 1, 14, 4, 4, 6, 10, 5, 1]
   SH 信念持有者                 改前   [10, 0, 8, 10, 2, 11, 7, 1, 7, 11, 10, 3]
                            改后   [9, 7, 11, 10, 2, 10, 7, 6, 7, 7, 10, 3]
-- 商贩 --
   produce 事件               改前   [0, 0, 0, 0, 0, 0, 0, 0, 0, 0, 0, 0]
                            改后   [0, 0, 0, 0, 0, 0, 0, 0, 0, 0, 0, 0]
   其中带目击者                   改前   [0, 0, 0, 0, 0, 0, 0, 0, 0, 0, 0, 0]
                            改后   [0, 0, 0, 0, 0, 0, 0, 0, 0, 0, 0, 0]
   目击人次                     改前   [0, 0, 0, 0, 0, 0, 0, 0, 0, 0, 0, 0]
                            改后   [0, 0, 0, 0, 0, 0, 0, 0, 0, 0, 0, 0]
   CR:<职位> 持有者              改前   [0, 0, 0, 0, 0, 0, 0, 0, 0, 0, 0, 0]
                            改后   [0, 0, 0, 0, 0, 0, 0, 0, 0, 0, 0, 0]
   对他 standing 非零人数         改前   [3, 2, 3, 3, 3, 3, 3, 3, 2, 6, 6, 7]
                            改后   [2, 3, 2, 5, 1, 5, 1, 3, 4, 3, 1, 7]
   对他 standing 总和×1000      改前   [7000, 5000, 2000, -2000, 0, -1000, 3000, 3000, 4000, -2000, -5000, 4000]
                            改后   [5000, 4000, 4000, -11000, 3000, -3000, 3000, 0, -1000, 3000, 2000, -5000]
   被指责事件                    改前   [0, 0, 0, 0, 0, 0, 0, 0, 0, 0, 0, 0]
                            改后   [0, 0, 0, 0, 0, 0, 0, 0, 0, 0, 0, 0]

== 【零假设/对照臂】每个岗位 bys>0 的逐 seed 抖动 |ΔA→B| ==
岗位       A: bys>0                                 B: bys>0                                 |Δ| 逐 seed / max
面点师      6,11,10,4,9,16,9,10,4,13,8,9             10,10,10,7,3,11,9,15,4,11,5,7            4,1,0,3,6,5,0,5,0,2,3,2 / max=6
杂役       2,2,4,2,4,2,1,7,4,2,2,4                  3,3,5,3,5,5,6,3,3,2,4,0                  1,1,1,1,1,3,5,4,1,0,2,4 / max=5
木匠       3,2,2,7,5,4,5,8,4,7,9,3                  7,1,6,4,7,5,2,5,3,5,7,4                  4,1,4,3,2,1,3,3,1,2,2,1 / max=4
咖啡师      8,9,6,7,5,8,9,4,6,9,4,10                 7,3,9,6,5,7,8,4,10,6,3,6                 1,6,3,1,0,1,1,0,4,3,1,4 / max=6
教书先生     9,12,13,9,8,3,8,7,8,9,9,14               11,10,10,9,9,5,10,9,7,8,8,14             2,2,3,0,1,2,2,2,1,1,1,0 / max=3
环卫工      17,27,19,24,25,13,19,14,16,18,17,28      19,19,26,23,25,21,17,26,13,20,23,25      2,8,7,1,0,8,2,12,3,2,6,3 / max=12
泥瓦匠      4,8,5,4,9,7,13,10,7,4,11,12              9,10,4,4,10,4,8,7,8,5,16,10              5,2,1,0,1,3,5,3,1,1,5,2 / max=5
