#5 知道R1的人数(应≥2)              改前 [9, 8, 8, 9, 9, 7, 9, 9, 9, 8, 6, 6]
                             改后 [9, 8, 8, 9, 9, 7, 9, 9, 9, 8, 6, 6]
#16 前件 存在坏名声                 改前 [True, True, True, True, True, True, True, True, True, True, True, True]
                             改后 [True, True, True, True, True, True, True, True, True, True, True, True]
#16 gossip_rep 事件数           改前 [451, 380, 464, 791, 564, 688, 352, 617, 563, 523, 169, 657]
                             改后 [451, 437, 594, 791, 564, 688, 352, 617, 563, 523, 169, 657]
#20 停传(变冷)条数(应>0)            改前 [234, 225, 227, 232, 195, 213, 219, 234, 199, 207, 214, 232]
                             改后 [245, 247, 240, 243, 206, 224, 230, 245, 210, 218, 225, 243]
#17/#23 原料 st_neg_events     改前 [1091, 961, 1075, 1709, 1226, 1410, 883, 1450, 1310, 1258, 545, 1433]
                             改后 [1091, 1066, 1185, 1709, 1226, 1410, 883, 1450, 1310, 1258, 545, 1433]
#29 前件 aid_accepted          改前 [14, 7, 4, 4, 10, 8, 8, 1, 10, 11, 5, 2]
                             改后 [14, 13, 4, 4, 10, 8, 8, 1, 10, 11, 5, 2]
confide                      改前 [9, 6, 7, 4, 8, 6, 7, 4, 7, 11, 8, 3]
                             改后 [9, 12, 6, 4, 8, 6, 7, 4, 7, 11, 8, 3]
betray                       改前 [0, 0, 0, 0, 0, 0, 0, 0, 0, 1, 0, 0]
                             改后 [0, 0, 0, 0, 0, 0, 0, 0, 0, 1, 0, 0]
endorse                      改前 [14, 7, 22, 17, 23, 27, 13, 12, 23, 10, 4, 20]
                             改后 [14, 24, 14, 17, 23, 27, 13, 12, 23, 10, 4, 20]
最低 standing ×1000            改前 [-3000, -3000, -2000, -3000, -2500, -3000, -3000, -3000, -3000, -2500, -3000, -3000]
                             改后 [-3000, -3000, -3000, -3000, -2500, -3000, -3000, -3000, -3000, -2500, -3000, -3000]
负 standing 对数                改前 [32, 32, 35, 54, 35, 42, 27, 56, 25, 35, 29, 43]
                             改后 [32, 44, 40, 54, 35, 42, 27, 56, 25, 35, 29, 43]
正 standing 对数                改前 [32, 30, 32, 19, 26, 32, 30, 32, 25, 24, 25, 22]
                             改后 [32, 34, 31, 19, 26, 32, 30, 32, 25, 24, 25, 22]

-- v1 口径下商贩(mei)那一行（produce 恒 0，本棒没有改它）--
改前 商贩 ev_produce=[0, 0, 0, 0, 0, 0, 0, 0, 0, 0, 0, 0]  pay 带目击(全镇)=[0, 0, 0, 0, 0, 0, 0, 0, 0, 0, 0, 0]
改后 商贩 ev_produce=[0, 0, 0, 0, 0, 0, 0, 0, 0, 0, 0, 0]  pay 带目击(全镇)=[73, 48, 61, 52, 65, 54, 69, 59, 58, 58, 65, 53]

-- #29 前件 aid_accepted>=8 的 seed 数（越多越有牙）--
改前 6/12  改后 7/12

-- CR:* 手艺信念（Z2 的四门，本棒不该动它们的机制）--
改前 环卫工   CR持有者 [9, 9, 11, 11, 11, 11, 10, 9, 8, 9, 9, 9]
改前 面点师   CR持有者 [11, 10, 10, 11, 8, 11, 10, 11, 7, 11, 10, 11]
改前 咖啡师   CR持有者 [10, 6, 11, 10, 9, 10, 10, 9, 10, 10, 7, 10]
改前 教书先生  CR持有者 [9, 10, 10, 8, 11, 6, 8, 11, 8, 6, 9, 8]
改后 环卫工   CR持有者 [9, 10, 9, 11, 11, 11, 10, 9, 8, 9, 9, 9]
改后 面点师   CR持有者 [11, 11, 10, 11, 8, 11, 10, 11, 7, 11, 10, 11]
改后 咖啡师   CR持有者 [10, 10, 9, 10, 9, 10, 10, 9, 10, 10, 7, 10]
改后 教书先生  CR持有者 [9, 8, 9, 8, 11, 6, 8, 11, 8, 6, 9, 8]
