seed                              1        2        3        4        5        6        7        8        9       10       11       12

===== 臂 off =====
digest                     4067243680 2514005168 2617686914 1567569829 2443387772 1634291897 793169121 4094812480 1153645592 1319793816 4205857239 2036604665
① 盟约 tick 和                   14163    19446    12724    11763     9842    26647    10564    27125     9364    24966    10803     8644
  盟约成立/解体                       4/1      6/0      4/0      3/0      3/1      7/0      4/0      6/1      5/1      6/0      3/0      4/0
② 决策点·有盟约                       857     1139      780      707      629     1372      586     1457      519     1415      578      497
③ 决策点·盟友同区                      260      280      159      195      192      308      140      365      160      387      130      134
  同区人次                          260      280      162      195      192      323      140      367      169      399      130      134
  其中在讲话(被跳过)                     59       68       47       44       46       77       26       77       37      114       15       35
  其中 need 低                      69       71       48       42       53       91       41      106       50      105       30       27
④ aid 候选决策点                      32       34       19       23       23       35       20       54       24       46       15        9
⑤ aid 被选中                        17       16        7        7       11       18        8       22       11       13        7        4
⑥ aid 事件(落地)                     14       11        6        6       10       16        6       20        9       10        6        4
  aid 被拒                          0        0        0        0        0        0        0        0        0        0        0        0
社交段·被生存门关                        35       28       22       58       24       44       25       33       58       49       15       34
社交段·被 social 饱和关               1561     1575     1691     1339     1619     1517     1703     1540     1445     1448     1825     1373
决策点总数                          5111     5106     5035     5352     4983     5100     4974     5176     5170     5179     4848     5320
aid 输给了谁(12 seed 合计)       [('invite', 173), ('confide', 11), ('吃饭', 7), ('greet', 1), ('洗澡', 1)]

===== 臂 st0 =====
digest                     327584621 4171554413 904838480 801180596 1689285579 133783984 864971971 2134268252 960022134 3532157860 3120203796 3425006322
① 盟约 tick 和                   14163    19446    12724    11763     9842    26647    10564    27125     9364    24966     5043     8644
  盟约成立/解体                       4/1      6/0      4/0      3/0      3/1      7/0      4/0      6/1      5/1      6/0      3/0      4/0
② 决策点·有盟约                       857     1139      780      707      629     1372      586     1457      519     1415      262      497
③ 决策点·盟友同区                      260      280      159      195      192      308      140      365      160      387       75      134
  同区人次                          260      280      162      195      192      323      140      367      169      399       76      134
  其中在讲话(被跳过)                     59       68       47       44       46       77       26       77       37      114       11       35
  其中 need 低                      69       71       48       42       53       91       41      106       50      105       16       27
④ aid 候选决策点                      32       34       19       23       23       35       20       54       24       46        7        9
⑤ aid 被选中                        17       16        7        7       11       18        8       22       11       13        1        4
⑥ aid 事件(落地)                     14       11        6        6       10       16        6       20        9       10        1        4
  aid 被拒                          0        0        0        0        0        0        0        0        0        0        0        0
社交段·被生存门关                        35       28       22       58       24       44       25       33       58       49        9       34
社交段·被 social 饱和关               1561     1575     1691     1339     1619     1517     1703     1540     1445     1448     1918     1373
决策点总数                          5111     5106     5035     5352     4983     5100     4974     5176     5170     5179     4808     5320
aid 输给了谁(12 seed 合计)       [('invite', 171), ('confide', 11), ('吃饭', 7), ('greet', 1), ('洗澡', 1)]

===== 臂 sham42 =====
digest                     2160992590 4166595802 2157367552 3896115361 3286534189 4136822411 2866684814 4189863496 845380543 76900135 2958811769 554096364
① 盟约 tick 和                   14644    18486     2883    15123     5523     7684    14404    14164    18004    16326     7925    21844
  盟约成立/解体                       4/0      6/0      3/0      3/0      3/0      4/0      5/1      5/1      4/0      7/1      5/0      5/1
② 决策点·有盟约                       755     1044      177      937      295      421      823      905     1041     1021      378     1346
③ 决策点·盟友同区                      210      224       29      300       86      115      207      192      300      199      107      343
  同区人次                          210      230       29      300       86      116      207      192      300      199      110      343
  其中在讲话(被跳过)                     52       61        8       90       14       19       55       44       71       47       27       88
  其中 need 低                      58       74        8       74       19       18       68       57       72       72       26      112
④ aid 候选决策点                      24       28        4       34        8        8       26       26       32       38        9       53
⑤ aid 被选中                         9       10        1       12        4        3       12       14        8       15        4       16
⑥ aid 事件(落地)                      7        9        1        8        4        2        8       13        7       14        3       12
  aid 被拒                          0        0        0        0        0        0        0        0        0        0        0        0
社交段·被生存门关                        59       20       30       31       38       41       69       59       45       46       22       24
社交段·被 social 饱和关               1442     1613     1487     1475     1630     1557     1316     1478     1447     1484     1676     1591
决策点总数                          5224     5125     5317     5147     5056     5187     5281     5269     5321     5281     5009     5117
aid 输给了谁(12 seed 合计)       [('invite', 156), ('confide', 21), ('吃饭', 5)]

===== 臂 sham38 =====
digest                     356657127 1912741913 3562179595 922218639 1566003636 3159734118 3313024607 2014127285 3838655682 2909175154 1089367641 3203618138
① 盟约 tick 和                   16804    16804    15124     4322    10082     6482    14165      481    13924    14645    17525     7442
  盟约成立/解体                       4/0      4/0      4/0      2/0      3/1      2/0      5/0      1/0      4/0      5/0      6/1      2/0
② 决策点·有盟约                       966      998      802      246      608      389      728       28      630      735     1065      388
③ 决策点·盟友同区                      210      318      240       55      222      133      232        4      212      189      357      124
  同区人次                          210      318      255       55      222      133      245        4      258      194      357      125
  其中在讲话(被跳过)                     39       84       72       13       44       29       59        1       69       45       83       23
  其中 need 低                      60       57       84       19       48       24       43        0       43       75       77       20
④ aid 候选决策点                      24       18       29        5       20       12       17        0       17       26       40        6
⑤ aid 被选中                         4        7        9        2        4        4        7        0        9       17       21        1
⑥ aid 事件(落地)                      4        7        6        1        4        4        7        0        5       13       13        1
  aid 被拒                          0        0        0        0        0        0        0        0        0        0        0        0
社交段·被生存门关                        44       27       23       58       19       13       36       15       39       33       26       32
社交段·被 social 饱和关               1445     1632     1527     1283     1616     1570     1502     1646     1514     1592     1511     1509
决策点总数                          5147     5062     5052     5336     4985     5029     5123     4880     5150     5050     5142     5146
aid 输给了谁(12 seed 合计)       [('invite', 110), ('confide', 16), ('吃饭', 2), ('confront', 1)]

===== 臂 tmu =====
digest                     2537201452 3331182212 781046694 3718150722 3854502913 3297358414 3435105842 1319465732 3785430629 2123486921 1694383642 2780846401
① 盟约 tick 和                   14163    19446    12724    15364    21125    21365    11765    18244     7684    14405     7924     8644
  盟约成立/解体                       4/1      6/0      4/0      4/0      5/0      5/0      5/0      4/0      5/1      5/0      4/0      4/0
② 决策点·有盟约                       857     1139      780      900     1339     1123      617     1015      500      705      431      491
③ 决策点·盟友同区                      260      280      159      197      467      319      149      240      113      202      123      133
  同区人次                          260      280      162      197      469      329      152      253      113      205      123      133
  其中在讲话(被跳过)                     59       68       47       50      114       98       35       72       18       50       25       35
  其中 need 低                      69       71       48       63      108       90       68       65       39       53       43       28
④ aid 候选决策点                      32       34       19       25       44       32       35       21       14       18       23       10
⑤ aid 被选中                        17       16        7       10        8       15       16        9        4        8       11        4
⑥ aid 事件(落地)                     14       11        6        9        4       11       12        9        4        6        7        4
  aid 被拒                          0        0        0        0        0        0        0        0        0        0        0        0
社交段·被生存门关                        35       28       22       46       24       46       22       32       55       43       20       35
社交段·被 social 饱和关               1561     1575     1691     1360     1565     1475     1675     1475     1442     1579     1805     1382
决策点总数                          5111     5106     5035     5291     5151     5121     4972     5207     5208     5123     4877     5304
aid 输给了谁(12 seed 合计)       [('invite', 158), ('confide', 15), ('吃饭', 5), ('greet', 3), ('喝咖啡', 1)]

===== 臂 tlin =====
digest                     2402922771 2343677679 3833499809 2371738820 3470275000 702824430 792767148 3141897896 3655148055 133133285 3401091462 2119615143
① 盟约 tick 和                   13446     8405    14403     8644    16084    12963    23046    19444     9364    12245     2644     7682
  盟约成立/解体                       6/0      5/0      4/1      4/0      4/0      3/0      6/0      4/0      5/1      5/0      4/0      2/0
② 决策点·有盟约                       770      441      764      506     1031      670     1377     1064      519      720      154      461
③ 决策点·盟友同区                      130      147      201      155      337      176      393      398      160      158       36       88
  同区人次                          131      152      211      155      337      183      394      409      169      158       36       88
  其中在讲话(被跳过)                     35       36       58       34       84       41       95       96       37       30       11       17
  其中 need 低                      35       25       53       34       53       46      101       71       50       33       11       36
④ aid 候选决策点                      13       10       22       13       20       22       44       26       24       13        5       18
⑤ aid 被选中                         7        3        9        9        6       11       20        8       11        5        0       10
⑥ aid 事件(落地)                      7        1        9        9        5        6       15        7        9        4        0        9
  aid 被拒                          0        0        0        0        0        0        0        0        0        0        0        0
社交段·被生存门关                        67       23       23       36       29       46       41       24       58       46       15       34
社交段·被 social 饱和关               1429     1653     1671     1436     1603     1564     1613     1527     1445     1529     1792     1421
决策点总数                          5179     4910     5104     5261     5143     5146     5117     5201     5170     5110     4858     5213
aid 输给了谁(12 seed 合计)       [('invite', 119), ('confide', 11), ('吃饭', 1)]

===== 臂 stneg =====
digest                     1115932361 3527445653 765228606 344850587 1798567599 4014246335 1349218494 3436125015 850800380 3970152720 3120203796 1189256529
① 盟约 tick 和                    8164    15124    10082     7442     8163    11766    18247    26405    15844    17765     5043     7204
  盟约成立/解体                       4/0      4/0      2/0      3/1      3/0      6/0      7/0      5/0      4/0      5/0      3/0      4/0
② 决策点·有盟约                       501      934      656      447      502      632      798     1476      940      958      262      467
③ 决策点·盟友同区                      117      187      165      106      166      112      263      445      196      256       75      100
  同区人次                          119      187      165      106      166      114      277      447      196      257       76      100
  其中在讲话(被跳过)                     31       38       41       26       35       36       50       90       44       61       11       25
  其中 need 低                      18       43       41       23       40       32       55      123       48       79       16       30
④ aid 候选决策点                       9       25       18       14       17       11       20       53       19       35        7       17
⑤ aid 被选中                         4       14        6       10        6        4       10       17        3       12        1        9
⑥ aid 事件(落地)                      4        9        5        9        5        4        8       14        2       11        1        7
  aid 被拒                          0        0        0        0        0        0        0        0        0        0        0        0
社交段·被生存门关                        56       30       28       41       29       52       19       27       59       51        9       37
社交段·被 social 饱和关               1378     1643     1666     1441     1607     1433     1746     1560     1409     1470     1918     1387
决策点总数                          5200     5153     5058     5210     5060     5244     4962     5170     5132     5125     4808     5291
aid 输给了谁(12 seed 合计)       [('invite', 130), ('confide', 13), ('吃饭', 6)]

===== 臂 st0125 =====
digest                     402370776 1677842692 3089385829 2810647696 2474700411 189382230 1374354613 4173926261 1475602425 284229510 2455539310 2719973984
① 盟约 tick 和                   14405    16324     8645     2163    14883    12004    23527    19446    14644    23767        0    18005
  盟约成立/解体                       5/0      4/0      5/0      3/0      4/1      4/0      8/1      6/0      5/1      7/0      0/0      5/0
② 决策点·有盟约                       866     1036      386      150      939      647     1228     1039      896     1282        0     1022
③ 决策点·盟友同区                      245      261       80       29      323      166      348      322      221      373        0      242
  同区人次                          246      261       86       29      323      169      366      338      221      383        0      243
  其中在讲话(被跳过)                     61       52       15        9       86       30       99       87       56      107        0       59
  其中 need 低                      46       55       23        9       76       33      111       76       75      103        0       53
④ aid 候选决策点                      22       28       11        3       27       11       40       35       33       46        0       19
⑤ aid 被选中                        10        7        5        1       10        5       23       14       11       25        0        9
⑥ aid 事件(落地)                      8        5        5        1        8        4       19       14       10       21        0        6
  aid 被拒                          0        0        0        0        0        0        0        0        0        0        0        0
社交段·被生存门关                        30       31       23       44       17       47       29       23       36       45       15       52
社交段·被 social 饱和关               1411     1570     1654     1434     1680     1471     1666     1545     1474     1497     1766     1424
决策点总数                          5179     5218     5024     5281     5044     5251     4919     5081     5135     5242     4869     5353
aid 输给了谁(12 seed 合计)       [('invite', 129), ('confide', 18), ('吃饭', 6), ('confront', 1), ('greet', 1)]

===== 臂 on =====
digest                     3906210527 3974897474 1273095155 3014890111 3709304432 1966851711 1168097310 3979542693 3564990643 262927589 898264779 3727444716
① 盟约 tick 和                   17525    21364     2161     4562    15843    10323     3362    32887    12724    11524     4083    16804
  盟约成立/解体                       5/0      4/0      1/0      2/0      3/0      3/0      2/0      8/1      5/1      4/0      3/0      4/0
② 决策点·有盟约                       921     1318      120      293     1000      510      190     1874      682      640      202      977
③ 决策点·盟友同区                      284      328       33       74      252      160       34      495      151      152       49      258
  同区人次                          300      328       33       74      252      172       34      504      157      152       50      258
  其中在讲话(被跳过)                     84       68        3       20       68       52        6      135       27       29       10       61
  其中 need 低                      92       73        5       37       51       48       11      142       36       48       18       80
④ aid 候选决策点                      35       26        1       10       19       16        7       57       14       23        8       37
⑤ aid 被选中                        15       11        0        2        9        3        3       21        8        6        1        8
⑥ aid 事件(落地)                      9       10        0        1        9        1        3       16        7        6        1        5
  aid 被拒                          0        0        0        0        0        0        0        0        0        0        0        0
社交段·被生存门关                        45       23       11       48       29       46       23       29       45       42       19       43
社交段·被 social 饱和关               1358     1636     1713     1300     1599     1505     1727     1547     1433     1498     1689     1455
决策点总数                          5182     5197     4924     5393     5069     5185     5027     5117     5163     5124     4991     5338
aid 输给了谁(12 seed 合计)       [('invite', 137), ('confide', 15), ('吃饭', 12), ('喝咖啡', 1), ('greet', 1)]

===== 臂 st05 =====
digest                     3593137540 370237899 1811998286 3099813940 4041491555 3547486889 1194490643 4039696993 624274117 3453644644 608428758 1035769977
① 盟约 tick 和                   19685    18245    11284     5281     9842    13686    19446    21605    10564    14164        1     2642
  盟约成立/解体                       5/0      6/1      4/0      1/0      2/0      7/1      6/0      5/0      4/0      5/1      1/0      3/1
② 决策点·有盟约                       951     1154      608      348      590      692     1040     1228      629      751        0      161
③ 决策点·盟友同区                      324      285      150       98      202      227      248      337      142      175        0       26
  同区人次                          345      285      156       98      202      232      255      347      142      178        0       26
  其中在讲话(被跳过)                     85       62       30       27       64       40       39       58       34       34        0        3
  其中 need 低                      84       87       40       16       29       77       76       78       38       53        0       16
④ aid 候选决策点                      40       38       20        6       14       34       37       32       13       24        0        5
⑤ aid 被选中                        13       17       13        3        5       13       17       14        0       13        0        4
⑥ aid 事件(落地)                      8       16       11        2        5       10       14       11        0       12        0        4
  aid 被拒                          0        0        0        0        0        0        0        0        0        0        0        0
社交段·被生存门关                        35       31       23       62       34       47       33       30       36       40        9       48
社交段·被 social 饱和关               1487     1615     1660     1326     1530     1563     1638     1550     1483     1520     1920     1429
决策点总数                          5078     5172     4952     5318     5231     5090     4961     5199     5126     5151     4818     5325
aid 输给了谁(12 seed 合计)       [('invite', 128), ('confide', 13), ('吃饭', 9), ('confront', 1)]


===== 逐级合计与级差比（12 seed 求和）=====
                                 off           st0        sham42        sham38           tmu          tlin         stneg        st0125            on          st05
① 盟约 tick 和                   186051        180291        157010        137800        172853        148370        151249        167813        153162        146445
② 有盟约决策点                       10536         10220          9143          7583          9897          8477          8573          9491          8727          8152
③ 盟友同区决策点                       2710          2655          2312          2296          2642          2379          2188          2610          2270          2214
④ aid 候选决策点                      334           326           290           214           307           230           245           275           253           263
⑤ aid 被选中                        141           135           108            85           125            99            96           120            87           112
⑥ aid 事件                         118           113            88            65            97            81            79           101            68            93
—— 相对 off ——           
① 盟约 tick 和                    1.000         0.969         0.844         0.741         0.929         0.797         0.813         0.902         0.823         0.787
② 有盟约决策点                       1.000         0.970         0.868         0.720         0.939         0.805         0.814         0.901         0.828         0.774
③ 盟友同区决策点                      1.000         0.980         0.853         0.847         0.975         0.878         0.807         0.963         0.838         0.817
④ aid 候选决策点                    1.000         0.976         0.868         0.641         0.919         0.689         0.734         0.823         0.757         0.787
⑤ aid 被选中                      1.000         0.957         0.766         0.603         0.887         0.702         0.681         0.851         0.617         0.794
⑥ aid 事件                       1.000         0.958         0.746         0.551         0.822         0.686         0.669         0.856         0.576         0.788
级间转化率:                
①→②                           0.0566        0.0567        0.0582        0.0550        0.0573        0.0571        0.0567        0.0566        0.0570        0.0557
②→③                           0.2572        0.2598        0.2529        0.3028        0.2669        0.2806        0.2552        0.2750        0.2601        0.2716
③→④                           0.1232        0.1228        0.1254        0.0932        0.1162        0.0967        0.1120        0.1054        0.1115        0.1188
④→⑤                           0.4222        0.4141        0.3724        0.3972        0.4072        0.4304        0.3918        0.4364        0.3439        0.4259
⑤→⑥                           0.8369        0.8370        0.8148        0.7647        0.7760        0.8182        0.8229        0.8417        0.7816        0.8304


===== 配对符号检验（vs off，逐 seed）=====
  aid 事件
    off        [14, 11, 6, 6, 10, 16, 6, 20, 9, 10, 6, 4]   和=118
    st0        [14, 11, 6, 6, 10, 16, 6, 20, 9, 10, 1, 4]   和=113   低 1/高 0/平11
    sham42     [7, 9, 1, 8, 4, 2, 8, 13, 7, 14, 3, 12]   和=88   低 8/高 4/平 0
    sham38     [4, 7, 6, 1, 4, 4, 7, 0, 5, 13, 13, 1]   和=65   低 8/高 3/平 1
    tmu        [14, 11, 6, 9, 4, 11, 12, 9, 4, 6, 7, 4]   和=97   低 5/高 3/平 4
    tlin       [7, 1, 9, 9, 5, 6, 15, 7, 9, 4, 0, 9]   和=81   低 7/高 4/平 1
    stneg      [4, 9, 5, 9, 5, 4, 8, 14, 2, 11, 1, 7]   和=79   低 8/高 4/平 0
    st0125     [8, 5, 5, 1, 8, 4, 19, 14, 10, 21, 0, 6]   和=101   低 8/高 4/平 0
    on         [9, 10, 0, 1, 9, 1, 3, 16, 7, 6, 1, 5]   和=68   低11/高 1/平 0
    st05       [8, 16, 11, 2, 5, 10, 14, 11, 0, 12, 0, 4]   和=93   低 7/高 4/平 1
  aid 候选点
    off        [32, 34, 19, 23, 23, 35, 20, 54, 24, 46, 15, 9]   和=334
    st0        [32, 34, 19, 23, 23, 35, 20, 54, 24, 46, 7, 9]   和=326   低 1/高 0/平11
    sham42     [24, 28, 4, 34, 8, 8, 26, 26, 32, 38, 9, 53]   和=290   低 8/高 4/平 0
    sham38     [24, 18, 29, 5, 20, 12, 17, 0, 17, 26, 40, 6]   和=214   低10/高 2/平 0
    tmu        [32, 34, 19, 25, 44, 32, 35, 21, 14, 18, 23, 10]   和=307   低 4/高 5/平 3
    tlin       [13, 10, 22, 13, 20, 22, 44, 26, 24, 13, 5, 18]   和=230   低 8/高 3/平 1
    stneg      [9, 25, 18, 14, 17, 11, 20, 53, 19, 35, 7, 17]   和=245   低10/高 1/平 1
    st0125     [22, 28, 11, 3, 27, 11, 40, 35, 33, 46, 0, 19]   和=275   低 7/高 4/平 1
    on         [35, 26, 1, 10, 19, 16, 7, 57, 14, 23, 8, 37]   和=253   低 9/高 3/平 0
    st05       [40, 38, 20, 6, 14, 34, 37, 32, 13, 24, 0, 5]   和=263   低 8/高 4/平 0
  盟约 tick 和
    off        [14163, 19446, 12724, 11763, 9842, 26647, 10564, 27125, 9364, 24966, 10803, 8644]   和=186051
    st0        [14163, 19446, 12724, 11763, 9842, 26647, 10564, 27125, 9364, 24966, 5043, 8644]   和=180291   低 1/高 0/平11
    sham42     [14644, 18486, 2883, 15123, 5523, 7684, 14404, 14164, 18004, 16326, 7925, 21844]   和=157010   低 7/高 5/平 0
    sham38     [16804, 16804, 15124, 4322, 10082, 6482, 14165, 481, 13924, 14645, 17525, 7442]   和=137800   低 6/高 6/平 0
    tmu        [14163, 19446, 12724, 15364, 21125, 21365, 11765, 18244, 7684, 14405, 7924, 8644]   和=172853   低 5/高 3/平 4
    tlin       [13446, 8405, 14403, 8644, 16084, 12963, 23046, 19444, 9364, 12245, 2644, 7682]   和=148370   低 8/高 3/平 1
    stneg      [8164, 15124, 10082, 7442, 8163, 11766, 18247, 26405, 15844, 17765, 5043, 7204]   和=151249   低10/高 2/平 0
    st0125     [14405, 16324, 8645, 2163, 14883, 12004, 23527, 19446, 14644, 23767, 0, 18005]   和=167813   低 7/高 5/平 0
    on         [17525, 21364, 2161, 4562, 15843, 10323, 3362, 32887, 12724, 11524, 4083, 16804]   和=153162   低 6/高 6/平 0
    st05       [19685, 18245, 11284, 5281, 9842, 13686, 19446, 21605, 10564, 14164, 1, 2642]   和=146445   低 8/高 3/平 1
