seed                              1        2        3        4        5        6        7        8        9       10       11       12

===== 臂 off =====
digest                     4067243680 2514005168 2617686914 1567569829 2443387772 1634291897 793169121 4094812480 1153645592 1319793816 4205857239 2036604665
① 盟约 tick 和                   14163    19446    12724    11763     9842    26647    10564    27125     9364    24966    10803     8644
  盟约成立/解体                       4/1      6/0      4/0      3/0      3/1      7/0      4/0      6/1      5/1      6/0      3/0      4/0
② 决策点·有盟约                       857     1139      780      707      629     1372      586     1457      519     1415      578      497
③ 决策点·盟友同区                      260      280      159      195      192      308      140      365      160      387      130      134
  同区人次                          260      280      162      195      192      323      140      367      169      399      130      134
  其中在讲话(被跳过)                     59       68       47       44       46       77       26       77       37      114       15       35
  其中 need 低                      69       71       48       42       53       91       41      106       50      105       30       27
④ aid 候选决策点                      32       34       19       23       23       35       20       54       24       46       15        9
⑤ aid 被选中                        17       16        7        7       11       18        8       22       11       13        7        4
⑥ aid 事件(落地)                     14       11        6        6       10       16        6       20        9       10        6        4
  aid 被拒                          0        0        0        0        0        0        0        0        0        0        0        0
社交段·被生存门关                        35       28       22       58       24       44       25       33       58       49       15       34
社交段·被 social 饱和关               1561     1575     1691     1339     1619     1517     1703     1540     1445     1448     1825     1373
决策点总数                          5111     5106     5035     5352     4983     5100     4974     5176     5170     5179     4848     5320
aid 输给了谁(12 seed 合计)       [('invite', 173), ('confide', 11), ('吃饭', 7), ('greet', 1), ('洗澡', 1)]

===== 臂 sham42 =====
digest                     2160992590 4166595802 2157367552 3896115361 3286534189 4136822411 2866684814 4189863496 845380543 76900135 2958811769 554096364
① 盟约 tick 和                   14644    18486     2883    15123     5523     7684    14404    14164    18004    16326     7925    21844
  盟约成立/解体                       4/0      6/0      3/0      3/0      3/0      4/0      5/1      5/1      4/0      7/1      5/0      5/1
② 决策点·有盟约                       755     1044      177      937      295      421      823      905     1041     1021      378     1346
③ 决策点·盟友同区                      210      224       29      300       86      115      207      192      300      199      107      343
  同区人次                          210      230       29      300       86      116      207      192      300      199      110      343
  其中在讲话(被跳过)                     52       61        8       90       14       19       55       44       71       47       27       88
  其中 need 低                      58       74        8       74       19       18       68       57       72       72       26      112
④ aid 候选决策点                      24       28        4       34        8        8       26       26       32       38        9       53
⑤ aid 被选中                         9       10        1       12        4        3       12       14        8       15        4       16
⑥ aid 事件(落地)                      7        9        1        8        4        2        8       13        7       14        3       12
  aid 被拒                          0        0        0        0        0        0        0        0        0        0        0        0
社交段·被生存门关                        59       20       30       31       38       41       69       59       45       46       22       24
社交段·被 social 饱和关               1442     1613     1487     1475     1630     1557     1316     1478     1447     1484     1676     1591
决策点总数                          5224     5125     5317     5147     5056     5187     5281     5269     5321     5281     5009     5117
aid 输给了谁(12 seed 合计)       [('invite', 156), ('confide', 21), ('吃饭', 5)]

===== 臂 tmu =====
digest                     2537201452 3331182212 781046694 3718150722 3854502913 3297358414 3435105842 1319465732 3785430629 2123486921 1694383642 2780846401
① 盟约 tick 和                   14163    19446    12724    15364    21125    21365    11765    18244     7684    14405     7924     8644
  盟约成立/解体                       4/1      6/0      4/0      4/0      5/0      5/0      5/0      4/0      5/1      5/0      4/0      4/0
② 决策点·有盟约                       857     1139      780      900     1339     1123      617     1015      500      705      431      491
③ 决策点·盟友同区                      260      280      159      197      467      319      149      240      113      202      123      133
  同区人次                          260      280      162      197      469      329      152      253      113      205      123      133
  其中在讲话(被跳过)                     59       68       47       50      114       98       35       72       18       50       25       35
  其中 need 低                      69       71       48       63      108       90       68       65       39       53       43       28
④ aid 候选决策点                      32       34       19       25       44       32       35       21       14       18       23       10
⑤ aid 被选中                        17       16        7       10        8       15       16        9        4        8       11        4
⑥ aid 事件(落地)                     14       11        6        9        4       11       12        9        4        6        7        4
  aid 被拒                          0        0        0        0        0        0        0        0        0        0        0        0
社交段·被生存门关                        35       28       22       46       24       46       22       32       55       43       20       35
社交段·被 social 饱和关               1561     1575     1691     1360     1565     1475     1675     1475     1442     1579     1805     1382
决策点总数                          5111     5106     5035     5291     5151     5121     4972     5207     5208     5123     4877     5304
aid 输给了谁(12 seed 合计)       [('invite', 158), ('confide', 15), ('吃饭', 5), ('greet', 3), ('喝咖啡', 1)]


===== 逐级合计与级差比（12 seed 求和）=====
                                 off        sham42           tmu
① 盟约 tick 和                   186051        157010        172853
② 有盟约决策点                       10536          9143          9897
③ 盟友同区决策点                       2710          2312          2642
④ aid 候选决策点                      334           290           307
⑤ aid 被选中                        141           108           125
⑥ aid 事件                         118            88            97
—— 相对 off ——           
① 盟约 tick 和                    1.000         0.844         0.929
② 有盟约决策点                       1.000         0.868         0.939
③ 盟友同区决策点                      1.000         0.853         0.975
④ aid 候选决策点                    1.000         0.868         0.919
⑤ aid 被选中                      1.000         0.766         0.887
⑥ aid 事件                       1.000         0.746         0.822
级间转化率:                
①→②                           0.0566        0.0582        0.0573
②→③                           0.2572        0.2529        0.2669
③→④                           0.1232        0.1254        0.1162
④→⑤                           0.4222        0.3724        0.4072
⑤→⑥                           0.8369        0.8148        0.7760


===== 配对符号检验（vs off，逐 seed）=====
  aid 事件
    off        [14, 11, 6, 6, 10, 16, 6, 20, 9, 10, 6, 4]   和=118
    sham42     [7, 9, 1, 8, 4, 2, 8, 13, 7, 14, 3, 12]   和=88   低 8/高 4/平 0
    tmu        [14, 11, 6, 9, 4, 11, 12, 9, 4, 6, 7, 4]   和=97   低 5/高 3/平 4
  aid 候选点
    off        [32, 34, 19, 23, 23, 35, 20, 54, 24, 46, 15, 9]   和=334
    sham42     [24, 28, 4, 34, 8, 8, 26, 26, 32, 38, 9, 53]   和=290   低 8/高 4/平 0
    tmu        [32, 34, 19, 25, 44, 32, 35, 21, 14, 18, 23, 10]   和=307   低 4/高 5/平 3
  盟约 tick 和
    off        [14163, 19446, 12724, 11763, 9842, 26647, 10564, 27125, 9364, 24966, 10803, 8644]   和=186051
    sham42     [14644, 18486, 2883, 15123, 5523, 7684, 14404, 14164, 18004, 16326, 7925, 21844]   和=157010   低 7/高 5/平 0
    tmu        [14163, 19446, 12724, 15364, 21125, 21365, 11765, 18244, 7684, 14405, 7924, 8644]   和=172853   低 5/高 3/平 4
