seed                             13       14       15       16       17       18       19       20       21       22       23       24       25       26       27       28       29       30

===== 臂 ho_off =====
digest                     1262709264 2581518143 4106586364 1807313032 4236490371 2804123210 3808443486 722601479 1329768131 3180341825 4111702838 1425838656 1883027033 2023656993 2019901458 1240428877 786591525 189380241
① 盟约 tick 和                       0    18965    14644     2641    30247    11284    12243    18005     5283    13925    19444    13445    11043     7442     4803     2883    14883     5524
  盟约成立/解体                       0/0      5/0      4/0      1/0      7/0      4/0      3/0      5/0      3/0      5/0      4/0      5/0      3/0      2/0      3/0      3/0      3/0      4/0
② 决策点·有盟约                         0     1037      895      181     1709      670      738     1008      342      702     1243      754      583      410      288      150      952      277
③ 决策点·盟友同区                        0      247      220       49      431      188      238      207       81      187      282      143      139       82       95       43      280       89
  同区人次                            0      256      220       49      434      188      238      208       81      191      282      145      140       82       95       45      280       96
  其中在讲话(被跳过)                      0       67       60       13       83       35       67       44       19       40       84       47       45       22       14       10       70       23
  其中 need 低                       0       80       56       25      112       46       58       58       27       50       76       30       37       28       26       12       52       28
④ aid 候选决策点                       0       32       22        9       52       19       21       28       13       26       36       13       16       13       14        5       13        9
⑤ aid 被选中                         0       13        6        3       19        9       11       16        5       12       13        5        4        4        6        2        2        4
⑥ aid 事件(落地)                      0       10        5        2       17        7        8       13        3        8       12        4        4        3        4        2        1        2
  aid 被拒                          0        0        0        0        0        0        0        0        0        0        0        0        0        0        0        0        0        0
社交段·被生存门关                        25       43       60       55       22       34       67       40       70       34       38       28       65       41       44       36       43       30
社交段·被 social 饱和关               1516     1485     1308     1371     1639     1584     1298     1447     1335     1419     1482     1490     1284     1424     1563     1585     1424     1424
决策点总数                          5107     5183     5429     5361     5027     5166     5410     5200     5371     5266     5288     5192     5296     5151     5145     5129     5346     5087
aid 输给了谁(12 seed 合计)       [('invite', 173), ('confide', 27), ('吃饭', 7)]

===== 臂 ho_on =====
digest                     1752051191 1736407207 488321402 1656280796 900844092 3411421647 132282708 379176041 1992474610 2294549167 2580091359 175560804 2175382779 1398686883 4062301008 2454894900 3299328923 2887288960
① 盟约 tick 和                   12724    20885    13685     4322    11765     7202     4802    15605     7204    11524     8402    17524    12964     6963     7683    11042    15602     9122
  盟约成立/解体                       4/0      5/0      5/0      2/0      5/0      2/0      2/0      5/0      4/0      4/0      2/0      4/0      4/0      3/0      3/0      2/0      3/1      2/0
② 决策点·有盟约                       768     1111      687      298      679      460      295      795      425      581      522      902      706      432      461      696     1066      517
③ 决策点·盟友同区                      210      293      201       86      124       90       44      201      101      145      107      241      155      120       83      217      267      158
  同区人次                          210      300      210       86      124       90       44      210      110      147      107      245      159      120       83      217      267      158
  其中在讲话(被跳过)                     67       74       40       25       22       23        8       65       34       24       32       60       29       19       33       44       72       41
  其中 need 低                      72       84       42       35       48       25       20       75       23       41       29       57       31       27       28       26       95       27
④ aid 候选决策点                      28       33       11        8       23       13       13       30       10       16       12       26       13       13       10        6       47       12
⑤ aid 被选中                         8       15        6        0       12        4        8       10        4        9        7       15        3        4        3        2       17        8
⑥ aid 事件(落地)                      7       15        4        0        9        4        6        7        3        8        6       13        2        3        3        2       14        4
  aid 被拒                          0        0        0        0        0        0        0        0        0        0        0        0        0        0        0        0        0        0
社交段·被生存门关                        27       51       33       58       28       64       62       43       38       38       40       27       41       33       60       22       40       61
社交段·被 social 饱和关               1482     1573     1523     1320     1656     1292     1207     1339     1451     1392     1507     1505     1584     1427     1497     1669     1364     1424
决策点总数                          5198     5163     5114     5398     4997     5348     5371     5279     5232     5275     5144     5176     5127     5171     5229     5036     5368     5209
aid 输给了谁(12 seed 合计)       [('invite', 162), ('confide', 18), ('吃饭', 7), ('confront', 1), ('greet', 1)]


===== 逐级合计与级差比（12 seed 求和）=====
                              ho_off         ho_on
① 盟约 tick 和                   206704        199020
② 有盟约决策点                       11939         11401
③ 盟友同区决策点                       3001          2843
④ aid 候选决策点                      341           324
⑤ aid 被选中                        134           135
⑥ aid 事件                         105           110
—— 相对 ho_off ——           
① 盟约 tick 和                    1.000         0.963
② 有盟约决策点                       1.000         0.955
③ 盟友同区决策点                      1.000         0.947
④ aid 候选决策点                    1.000         0.950
⑤ aid 被选中                      1.000         1.007
⑥ aid 事件                       1.000         1.048
级间转化率:                
①→②                           0.0578        0.0573
②→③                           0.2514        0.2494
③→④                           0.1136        0.1140
④→⑤                           0.3930        0.4167
⑤→⑥                           0.7836        0.8148


===== 配对符号检验（vs ho_off，逐 seed）=====
  aid 事件
    ho_off     [0, 10, 5, 2, 17, 7, 8, 13, 3, 8, 12, 4, 4, 3, 4, 2, 1, 2]   和=105
    ho_on      [7, 15, 4, 0, 9, 4, 6, 7, 3, 8, 6, 13, 2, 3, 3, 2, 14, 4]   和=110   低 9/高 5/平 4
  aid 候选点
    ho_off     [0, 32, 22, 9, 52, 19, 21, 28, 13, 26, 36, 13, 16, 13, 14, 5, 13, 9]   和=341
    ho_on      [28, 33, 11, 8, 23, 13, 13, 30, 10, 16, 12, 26, 13, 13, 10, 6, 47, 12]   和=324   低10/高 7/平 1
  盟约 tick 和
    ho_off     [0, 18965, 14644, 2641, 30247, 11284, 12243, 18005, 5283, 13925, 19444, 13445, 11043, 7442, 4803, 2883, 14883, 5524]   和=206704
    ho_on      [12724, 20885, 13685, 4322, 11765, 7202, 4802, 15605, 7204, 11524, 8402, 17524, 12964, 6963, 7683, 11042, 15602, 9122]   和=199020   低 8/高10/平 0
