seed                              1        2        3        4        5        6        7        8        9       10       11       12

===== 臂 off =====
digest                     4067243680 2514005168 2617686914 1567569829 2443387772 1634291897 793169121 4094812480 1153645592 1319793816 4205857239 2036604665
① 盟约 tick 和                   14163    19446    12724    11763     9842    26647    10564    27125     9364    24966    10803     8644
  盟约成立/解体                       4/1      6/0      4/0      3/0      3/1      7/0      4/0      6/1      5/1      6/0      3/0      4/0
② 决策点·有盟约                       857     1139      780      707      629     1372      586     1457      519     1415      578      497
③ 决策点·盟友同区                      260      280      159      195      192      308      140      365      160      387      130      134
  同区人次                          260      280      162      195      192      323      140      367      169      399      130      134
  其中在讲话(被跳过)                     59       68       47       44       46       77       26       77       37      114       15       35
  其中 need 低                      69       71       48       42       53       91       41      106       50      105       30       27
④ aid 候选决策点                      32       34       19       23       23       35       20       54       24       46       15        9
⑤ aid 被选中                        17       16        7        7       11       18        8       22       11       13        7        4
⑥ aid 事件(落地)                     14       11        6        6       10       16        6       20        9       10        6        4
  aid 被拒                          0        0        0        0        0        0        0        0        0        0        0        0
社交段·被生存门关                        35       28       22       58       24       44       25       33       58       49       15       34
社交段·被 social 饱和关               1561     1575     1691     1339     1619     1517     1703     1540     1445     1448     1825     1373
决策点总数                          5111     5106     5035     5352     4983     5100     4974     5176     5170     5179     4848     5320
aid 输给了谁(12 seed 合计)       [('invite', 173), ('confide', 11), ('吃饭', 7), ('greet', 1), ('洗澡', 1)]

===== 臂 sham401 =====
digest                     2832211414 339560064 1072399916 129416275 2443387772 2024269982 2088342730 1997394122 2629890976 552907926 1705436135 4077280716
① 盟约 tick 和                   19687    15364     8644    15125     9842    15605     8882    21365    19205    17283     9123     4802
  盟约成立/解体                       8/1      4/0      4/0      5/0      3/1      5/0      2/0      5/0      6/1      3/0      3/0      2/0
② 决策点·有盟约                      1009      955      416      789      629      862      555     1155     1149     1037      467      302
③ 决策点·盟友同区                      295      235      125      175      192      192      153      316      288      330      109       80
  同区人次                          316      235      135      187      192      194      153      322      288      330      112       80
  其中在讲话(被跳过)                     75       59       25       42       46       42       43       74       76       93       22       19
  其中 need 低                      72       63       21       59       53       58       39       97       89       89       24       14
④ aid 候选决策点                      34       26        9       25       23       26       17       40       38       31       10        6
⑤ aid 被选中                        19        8        4       15       11        8        5       13       13        8        4        2
⑥ aid 事件(落地)                     15        8        3       11       10        7        5       11       13        8        2        1
  aid 被拒                          0        0        0        0        0        0        0        0        0        0        0        0
社交段·被生存门关                        46       25       15       38       24       35       54       34       45       50       19       42
社交段·被 social 饱和关               1531     1606     1733     1489     1619     1543     1355     1515     1435     1392     1628     1397
决策点总数                          5073     5077     4966     5201     4983     5164     5416     5134     5219     5193     5057     5324
aid 输给了谁(12 seed 合计)       [('invite', 156), ('confide', 12), ('吃饭', 5), ('greet', 2)]

===== 臂 sham42 =====
digest                     2160992590 4166595802 2157367552 3896115361 3286534189 4136822411 2866684814 4189863496 845380543 76900135 2958811769 554096364
① 盟约 tick 和                   14644    18486     2883    15123     5523     7684    14404    14164    18004    16326     7925    21844
  盟约成立/解体                       4/0      6/0      3/0      3/0      3/0      4/0      5/1      5/1      4/0      7/1      5/0      5/1
② 决策点·有盟约                       755     1044      177      937      295      421      823      905     1041     1021      378     1346
③ 决策点·盟友同区                      210      224       29      300       86      115      207      192      300      199      107      343
  同区人次                          210      230       29      300       86      116      207      192      300      199      110      343
  其中在讲话(被跳过)                     52       61        8       90       14       19       55       44       71       47       27       88
  其中 need 低                      58       74        8       74       19       18       68       57       72       72       26      112
④ aid 候选决策点                      24       28        4       34        8        8       26       26       32       38        9       53
⑤ aid 被选中                         9       10        1       12        4        3       12       14        8       15        4       16
⑥ aid 事件(落地)                      7        9        1        8        4        2        8       13        7       14        3       12
  aid 被拒                          0        0        0        0        0        0        0        0        0        0        0        0
社交段·被生存门关                        59       20       30       31       38       41       69       59       45       46       22       24
社交段·被 social 饱和关               1442     1613     1487     1475     1630     1557     1316     1478     1447     1484     1676     1591
决策点总数                          5224     5125     5317     5147     5056     5187     5281     5269     5321     5281     5009     5117
aid 输给了谁(12 seed 合计)       [('invite', 156), ('confide', 21), ('吃饭', 5)]

===== 臂 sham38 =====
digest                     356657127 1912741913 3562179595 922218639 1566003636 3159734118 3313024607 2014127285 3838655682 2909175154 1089367641 3203618138
① 盟约 tick 和                   16804    16804    15124     4322    10082     6482    14165      481    13924    14645    17525     7442
  盟约成立/解体                       4/0      4/0      4/0      2/0      3/1      2/0      5/0      1/0      4/0      5/0      6/1      2/0
② 决策点·有盟约                       966      998      802      246      608      389      728       28      630      735     1065      388
③ 决策点·盟友同区                      210      318      240       55      222      133      232        4      212      189      357      124
  同区人次                          210      318      255       55      222      133      245        4      258      194      357      125
  其中在讲话(被跳过)                     39       84       72       13       44       29       59        1       69       45       83       23
  其中 need 低                      60       57       84       19       48       24       43        0       43       75       77       20
④ aid 候选决策点                      24       18       29        5       20       12       17        0       17       26       40        6
⑤ aid 被选中                         4        7        9        2        4        4        7        0        9       17       21        1
⑥ aid 事件(落地)                      4        7        6        1        4        4        7        0        5       13       13        1
  aid 被拒                          0        0        0        0        0        0        0        0        0        0        0        0
社交段·被生存门关                        44       27       23       58       19       13       36       15       39       33       26       32
社交段·被 social 饱和关               1445     1632     1527     1283     1616     1570     1502     1646     1514     1592     1511     1509
决策点总数                          5147     5062     5052     5336     4985     5029     5123     4880     5150     5050     5142     5146
aid 输给了谁(12 seed 合计)       [('invite', 110), ('confide', 16), ('吃饭', 2), ('confront', 1)]

===== 臂 on =====
digest                     3906210527 3974897474 1273095155 3014890111 3709304432 1966851711 1168097310 3979542693 3564990643 262927589 898264779 3727444716
① 盟约 tick 和                   17525    21364     2161     4562    15843    10323     3362    32887    12724    11524     4083    16804
  盟约成立/解体                       5/0      4/0      1/0      2/0      3/0      3/0      2/0      8/1      5/1      4/0      3/0      4/0
② 决策点·有盟约                       921     1318      120      293     1000      510      190     1874      682      640      202      977
③ 决策点·盟友同区                      284      328       33       74      252      160       34      495      151      152       49      258
  同区人次                          300      328       33       74      252      172       34      504      157      152       50      258
  其中在讲话(被跳过)                     84       68        3       20       68       52        6      135       27       29       10       61
  其中 need 低                      92       73        5       37       51       48       11      142       36       48       18       80
④ aid 候选决策点                      35       26        1       10       19       16        7       57       14       23        8       37
⑤ aid 被选中                        15       11        0        2        9        3        3       21        8        6        1        8
⑥ aid 事件(落地)                      9       10        0        1        9        1        3       16        7        6        1        5
  aid 被拒                          0        0        0        0        0        0        0        0        0        0        0        0
社交段·被生存门关                        45       23       11       48       29       46       23       29       45       42       19       43
社交段·被 social 饱和关               1358     1636     1713     1300     1599     1505     1727     1547     1433     1498     1689     1455
决策点总数                          5182     5197     4924     5393     5069     5185     5027     5117     5163     5124     4991     5338
aid 输给了谁(12 seed 合计)       [('invite', 137), ('confide', 15), ('吃饭', 12), ('喝咖啡', 1), ('greet', 1)]


===== 逐级合计与级差比（12 seed 求和）=====
                                 off       sham401        sham42        sham38            on
① 盟约 tick 和                   186051        164927        157010        137800        153162
② 有盟约决策点                       10536          9325          9143          7583          8727
③ 盟友同区决策点                       2710          2490          2312          2296          2270
④ aid 候选决策点                      334           285           290           214           253
⑤ aid 被选中                        141           110           108            85            87
⑥ aid 事件                         118            94            88            65            68
—— 相对 off ——           
① 盟约 tick 和                    1.000         0.886         0.844         0.741         0.823
② 有盟约决策点                       1.000         0.885         0.868         0.720         0.828
③ 盟友同区决策点                      1.000         0.919         0.853         0.847         0.838
④ aid 候选决策点                    1.000         0.853         0.868         0.641         0.757
⑤ aid 被选中                      1.000         0.780         0.766         0.603         0.617
⑥ aid 事件                       1.000         0.797         0.746         0.551         0.576
级间转化率:                
①→②                           0.0566        0.0565        0.0582        0.0550        0.0570
②→③                           0.2572        0.2670        0.2529        0.3028        0.2601
③→④                           0.1232        0.1145        0.1254        0.0932        0.1115
④→⑤                           0.4222        0.3860        0.3724        0.3972        0.3439
⑤→⑥                           0.8369        0.8545        0.8148        0.7647        0.7816


===== 配对符号检验（vs off，逐 seed）=====
  aid 事件
    off        [14, 11, 6, 6, 10, 16, 6, 20, 9, 10, 6, 4]   和=118
    sham401    [15, 8, 3, 11, 10, 7, 5, 11, 13, 8, 2, 1]   和=94   低 8/高 3/平 1
    sham42     [7, 9, 1, 8, 4, 2, 8, 13, 7, 14, 3, 12]   和=88   低 8/高 4/平 0
    sham38     [4, 7, 6, 1, 4, 4, 7, 0, 5, 13, 13, 1]   和=65   低 8/高 3/平 1
    on         [9, 10, 0, 1, 9, 1, 3, 16, 7, 6, 1, 5]   和=68   低11/高 1/平 0
  aid 候选点
    off        [32, 34, 19, 23, 23, 35, 20, 54, 24, 46, 15, 9]   和=334
    sham401    [34, 26, 9, 25, 23, 26, 17, 40, 38, 31, 10, 6]   和=285   低 8/高 3/平 1
    sham42     [24, 28, 4, 34, 8, 8, 26, 26, 32, 38, 9, 53]   和=290   低 8/高 4/平 0
    sham38     [24, 18, 29, 5, 20, 12, 17, 0, 17, 26, 40, 6]   和=214   低10/高 2/平 0
    on         [35, 26, 1, 10, 19, 16, 7, 57, 14, 23, 8, 37]   和=253   低 9/高 3/平 0
  盟约 tick 和
    off        [14163, 19446, 12724, 11763, 9842, 26647, 10564, 27125, 9364, 24966, 10803, 8644]   和=186051
    sham401    [19687, 15364, 8644, 15125, 9842, 15605, 8882, 21365, 19205, 17283, 9123, 4802]   和=164927   低 8/高 3/平 1
    sham42     [14644, 18486, 2883, 15123, 5523, 7684, 14404, 14164, 18004, 16326, 7925, 21844]   和=157010   低 7/高 5/平 0
    sham38     [16804, 16804, 15124, 4322, 10082, 6482, 14165, 481, 13924, 14645, 17525, 7442]   和=137800   低 6/高 6/平 0
    on         [17525, 21364, 2161, 4562, 15843, 10323, 3362, 32887, 12724, 11524, 4083, 16804]   和=153162   低 6/高 6/平 0
